codigoEstacion

26077060
37027010
37057020
25027750
25027770
25027910
23197700
23207040
24017600
24017640
24027010
24027070
24037001
24037630
25027020
23017040
24037080
25017010
25017030
25027050
24037360
23037010
23057140
23067070
22057010
21237020
21257100
21257120
21209200
26147140
23087160
23087660
26137110
23087200
23087260
26155270
26157170
26157200
23147040
23157030
23217080
23107030
23197130
23197690
23127010
26027090
24017570
24017590
26057040
24017740
26017020
26017060
26035100
26037010
26027200
26027100
26027240
21217180
21217200
22077050
26057030
24037030
21257090
21237010
24037620
26017070
22057060
24037490
24037510
21087080
21097120
25027200
25027450
24067020
24037130
24037190
25017020
24037290
25027760
11077020
13077060
12067001
21167060
11047020
13067020
21187030
17019010
15067210
21137030
11037020
11047040
16037030
11117040
16017010
15067020
21027010
15067150
16027120
16027300
15079010
21057060
21047010
14017701
14019030
16057030
13057010
11027050
26217010
26217050
11057020
26237040
26197030
26247010
26247050
15017030
16067010
16017030
21037010
16027060
21017030
16027280
15067050
15067220
21167080
23067020
23067040
23127060
21117100
21197080
23067060
23067080
21127030
23127020
21137010
21137050
21057110
23087150
23087190
23087210
23087230
23087670
12017020
14017702
23097030
13027040
23107020
23117030
11027030
11027070
21147010
54027040
54077010
26187040
21197030
2105700099
3602700101
26187110
4403700097
26247020
2601700104
53119010
26207080
54057010
52057010
52057050
52067030
2904700095
2319700096
29057003
44037060
26157190
52027030
26167070
26177030
52047040
52017070
51027020
51027060
21097070
21147030
16017020
21147080
21107020
21197010
16047010
21057050
21057130
16057040
52017001
35167020
52017030
52017080
35217010
2119700147
2602700148
2405700149
2633700150
2629700151
1605700152
2502700153
5311700154
2311700155
2613700156
2603700157
2611700158
2314700159
1501700160
2619700161
51027050
2120700162
47017070
47017110
47017160
35097050
47017170
52077010
3502700147
35197190
29067160
35227070
37017040
35087010
52047020
35107040
35237030
35167010
29037002
28047020
54077130
54077210
54097010
2401700091
2636700098
2125700094
3502700146
21209920
35167000
35197020
35197180
35217030
35217090
26137220
26127040
37037010
35097030
52057040
52027020
52037010
26127010
26197020
52017100
2801700088
52017110
52017130
2403700148
2403700149
54057020
52047010
52047030
26010100
35027100
44037040
42077020
44017050
44017090
44037080
44017140
44197020
44017060
44017070
44017110
44017120
11117010
11117050
21037020
15067200
21057080
12027010
11037030
11047010
21017040
35057010
47017150
47017020
47047050
35087020
3519700092
3508700103
54037050
54027050
35027500
11017020
51039010
27027060
54017040
52077020
5204700100
3518700145
53047010
27037020
52057060
52057100
35027520
53077010
2301700089
3502700090
28017140
29037820
27037030
28047050
35037100
29057004
35027510
2319700105
2703700106
29037080
28017150
27037010
29037001
29067150
29037702
35165000
35077120
35217060
29047000
28037030
29057002
2633500119
29047070
29057001
29057005
29037701
29067060
35017020
28047030
2120700146

























































































































































































































































