codigoEstacion

26075120
37027010
37057020
26015040
25027750
25027770
25027910
23195240
23190700
23195090
23195110
23195200
23197700
23207040
24017600
24017640
24015110
24030680
24025030
24025090
24027010
24027070
24035250
24035370
24055070
25025000
25025380
25025030
24037001
24037630
25027020
23017040
24037080
25017010
25017030
25027050
25020430
24037360
25020470
25020600
25025330
25025350
23037010
21205660
23050420
23085080
23057140
21205791
23065110
23065190
21205910
23067070
21215170
22045010
21215190
21206920
21206940
21227010
22057010
21206960
21255160
21206980
21235030
21237020
21257100
21257120
22075050
21209200
21215150
26145090
26147140
23085260
26135290
23087160
23087660
26135330
26155150
23087260
24035340
26155170
24035360
26155230
24035380
26155250
26155270
24030950
23147040
23195190
23195230
23157030
23217080
23105060
23195502
23107030
23180070
23197130
23190130
23197690
23125170
23205050
23195040
24015300
24015380
24017570
26015010
24017590
26015030
24017740
26015050
26055110
26017060
26035100
26027200
21217180
21217200
22077050
26055120
21255170
24035410
26057030
21257070
24037620
24037030
21257090
21237010
24035430
24035390
22057060
26055100
25020440
25027760
25020520
24037490
25025280
25025340
21097120
24055080
25025360
25025002
21087080
25027200
24067020
24037190
25017020
24037290
25025190
11077020
11105020
13077060
13095010
11135030
21195190
21145080
12045020
21160260
21167060
21185090
13067020
11047020
11050020
21115180
21187030
16015120
17019010
12015060
15065501
12015100
15067210
21137030
11047040
15075501
16037030
16040050
11117040
15065040
16015130
21015030
16017010
21015070
15065190
16025040
15067020
15067150
16027120
16027300
14015010
15079010
21057060
21055070
16055120
21047010
14019030
15085050
16057030
13057010
17035010
26255030
12015110
26217010
27015280
27015320
11045010
11057020
11080010
12025040
26237040
11120040
26247010
26247050
15015120
15017030
16015110
16067010
16015501
21015040
16017030
16027060
21017030
15065180
16027280
17015010
21050090
15067050
15067220
13035501
14015080
21167080
21105030
23065180
23067020
23125140
21195170
23067040
23127020
23127060
21197080
23067060
23125160
21127030
21201200
21137010
21137050
23087150
11027070
23087190
23087210
23087230
23087670
12017020
23097030
23105070
23107020
13027040
13085050
23117030
23085270
11027030
26075150
53045040
21201580
26085160
28025502
26187040
21195120
21115010
21195160
21197030
3602700101
2801500078
2802500079
2401500080
2403500081
2403500082
2403500083
2403500084
4403700097
2308500068
2601700104
53075020
26247020
2618500069
2804500076
2906500077
53119010
26207080
27015330
54015010
27015290
54057010
55015010
29045000
52057050
1508500053
2904700095
1501500054
2305500055
2319700096
2105700099
26155240
26155260
51027060
51035020
52025090
26157190
2401500086
26167070
47015100
26177030
26180180
26180250
46035010
52055220
26185030
26185050
44015070
51027020
26155220
21097070
21015060
21147030
21107020
21197010
16035030
21115170
16047010
21057050
16057040
52017001
35160020
35167020
52017030
51020011
35225030
35195060
51025060
35217010
2612500130
2610500131
2119700147
3507500133
2604500134
36015020
2120500135
1206500136
2319500137
2602700148
2405700149
2633700150
2629700151
51025090
48015040
1605700152
2502700153
5311700154
2311700155
2613700156
2611700158
1501700160
2619700161
48015050
2120700162
3502500135
2403000117
26115090
47017070
47017110
47017160
47017170
52015050
52077010
35215030
29067160
35227070
37017040
52045080
52047020
35095130
35235050
37015030
32067030
35107040
52055160
35237030
35160010
35167010
35185010
29065120
26095320
35025110
54077210
57025020
33035010
1111500036
2201500047
2121500048
2401700091
2403500049
26105240
2120500050
2202500051
2401500052
2636700098
2403500085
2125700094
29035000
23035030
21209920
21206600
21205710
21206280
21205012
21215160
21215180
21205940
35160000
35167000
35085080
35197020
26135300
35215020
26135320
26125300
35217030
35217090
26137220
26125710
35235040
26127040
35095120
37037010
35105050
26225060
52055210
26125061
52055230
52025080
52055150
52035040
26125290
26127010
52055170
2302500037
2612500038
2801700088
2604500039
52017110
2401500040
2403700149
2403000113
2403000114
37045010
35025080
35027100
44035050
42077020
44037040
44037080
44035040
44015060
44197020
44017070
26085170
46015030
44017110
44017120
11115020
21206790
15035020
21206930
11117050
21037020
21206950
15067200
21206990
15075150
12027010
11030010
11037030
21015050
15015060
21017040
35035100
35057010
35075080
26105250
35085060
2121500042
2319500043
1602500044
3519700092
3206500058
3206500059
1117500060
3505500061
3503500062
1602500063
2302500064
2319500065
3508700103
2319500066
1303500067
51025080
11017020
51039010
27027060
28025130
54017040
29015040
29035080
54025010
27015310
56015010
2613500126
5204700100
3518500127
3518700145
52057100
3206500045
3507500046
2301700089
3502700090
28017140
28035070
27037030
29045190
28047050
35037100
35025090
35027001
35027510
29065000
2621500070
2308500071
2319700105
2703700106
2901500072
1303500073
1303500074
2805500075
25025240
27037010
35035110
2403500041
5311500056
29067150
35165000
35035130
35235010
35217060
35085070
28025120
28035060
29047000
28037030
35075070
2614500112
3702500113
3701500114
2614500116
3701500117
1509500118
2633500119
2501500120
5311500121
2615500122
31095030
5205500123
2612500124
2319500125
2603500127
5102500128
1303500129
29004520
29047070
29035200
29065130
29067060
35017020
2120700146
2306500106
2702500107
3706500109
1602500110
2119500111
29015000
