CodigoEstacion
11017010
11027030
11037020
11047010
11047020
11047030
11057020
11077010
11077020
11117010
11117040
11117050
11147020
12017010
12017020
12017100
12027010
12027050
13037040
13057010
13067020
13077010
13077040
13077060
13077300
15017020
15017030
15017040
15017060
15017080
15027010
15037010
15037020
15037030
15047020
15067010
15067050
15067080
15067130
15067150
15067160
15067170
15067180
15067200
15067210
15067220
16017010
16017020
16017070
16027010
16027060
16027100
16027280
16027300
16037010
16037020
16037030
16037040
16037050
16047010
16057010
16057030
16057040
16067010
21017020
21017030
21017040
21017050
21017060
21027010
21037010
21037020
21047010
21057030
21057050
21057060
21057080
21057110
21057120
21057130
21077020
21087040
21087050
21087070
21087080
21087100
21097070
21097120
21107020
21107030
21117080
21117100
21127010
21127020
21127030
21137010
21137020
21137030
21137040
21137050
21147010
21147030
21147050
21147080
21167050
21167060
21167080
21167090
21187020
21187030
21197010
21197030
21197080
21197110
21197150
21209200
21209920
21217070
21217120
21217140
21217180
21217200
21217220
21217250
21217260
21217270
21217280
21217300
21227010
21237010
21237020
21237040
21257070
21257090
21257100
21257110
21257120
22017010
22017020
22017030
22027010
22027020
22037010
22047010
22057010
22057040
22057050
22057060
22057070
22067010
22067020
22077030
22077050
22077060
23017020
23017040
23017060
23017080
23027060
23037010
23057140
23067020
23067040
23067050
23067060
23067070
23067080
23087160
23087190
23087200
23087210
23087260
23087670
23087830
23097030
23107020
23107030
23107040
23127010
23127020
23127050
23127060
23147020
23147040
23167010
23187280
23197130
23197270
23197370
23197410
23197430
23197690
23197700
23207050
23217030
23217070
24017150
24017570
24017580
24017590
24017600
24017610
24017640
24017740
24017830
24017900
24027010
24027030
24027040
24027050
24027060
24027070
24037001
24037020
24037030
24037040
24037070
24037080
24037100
24037110
24037120
24037130
24037190
24037270
24037290
24037300
24037320
24037360
24037370
24037380
24037410
24037450
24037480
24037490
24037510
24037580
24037620
24037630
24067020
25017010
25017020
25027020
25027050
25027200
25027270
25027320
25027330
25027360
25027370
25027390
25027400
25027410
25027420
25027490
25027530
25027570
25027620
25027630
25027640
25027680
25027890
25027910
25027930
26017040
26017060
26017070
26017110
26027010
26027080
26027090
26027100
26027200
26027210
26027240
26027250
26037010
26037030
26047020
26057030
26057040
26067010
26097040
26107070
26107130
26127010
26127040
26127090
26127100
26127150
26137110
26137180
26137220
26137230
26147040
26147050
26147080
26147130
26147140
26157190
26157200
26157210
26167060
26167070
26177030
26187030
26187040
26187110
26197020
26207030
26207080
26217010
26217050
26237020
26237040
26237110
26247010
26247020
26247030
26247050
27027060
27037010
27037020
27037030
28017080
28017110
28017150
28027020
28027030
28027040
28027050
28037010
28037030
28037040
28037060
28037090
28037130
28047010
28047020
28047050
29037020
29037080
29037370
29037450
29067010
29067040
29067050
29067070
29067120
29067130
29067150
29067160
31097010
31097020
32037010
32037030
32047010
32077070
32077080
32077100
32077110
32097010
32107010
32157010
32157040
32157060
32207010
33077010
35017040
35017090
35027100
35027150
35027220
35027500
35027510
35037130
35057040
35067010
35067030
35067090
35067130
35077050
35077080
35077090
35077100
35077120
35077140
35087010
35087020
35087030
35087040
35087060
35097010
35097030
35097050
35097080
35107010
35107030
35117010
35127010
35127020
35127030
35197020
35197030
35197040
35197050
35197070
35197180
35197190
35217010
35217030
35217060
35227090
35237020
35237030
35257040
35267030
35267080
36017010
36017020
36017030
36027050
37017040
37027010
37037010
37057020
42067010
42077010
42077020
42077030
44017050
44017060
44017070
44017090
44017110
44017120
44017140
44037010
44037040
44037050
44037060
44037080
44037090
44037100
44037120
44117010
44127020
44137080
44147020
44157010
44157030
44157040
44167020
44187010
44187030
44197020
46017010
46037010
46037040
46037060
47017020
47017070
47017100
47017140
47017150
47017160
47017170
47017190
47017200
47047040
47067020
47087030
47107010
48017030
51027020
51027040
51027050
51027060
52017001
52017030
52017070
52017080
52017100
52017110
52017120
52017130
52027010
52027020
52027030
52037010
52047010
52047020
52047030
52047040
52057010
52057040
52057050
52057060
52067030
52077010
52077020
53047010
53077010
53077020
53077060
53107040
54017030
54017040
54027040
54057010
54077010
54077200
54097010
57027010
2111700151
2319700100
11027010
11027050
11027070
11037030
11107010
11147010
12017040
12017050
12017060
12017080
12027030
12027040
12027060
12037010
12037030
12047010
13047030
13047040
13067010
13067030
13067040
13067050
13067060
13067080
13077020
13077030
13077050
13077070
13077080
13077150
13077170
13077280
13085010
13097010
14017702
15067020
15067040
15067060
15067110
15067270
15067280
15067290
15087010
15087080
16027120
16047020
17017020
17027030
17027040
21097010
21117110
21140110
21167100
21207960
21237050
21247050
22057090
23017090
23077020
23077030
23087150
23087180
23087230
23087300
23087660
23097040
23117030
23157030
23187010
23187120
23197290
23197640
23207040
23217020
23217060
23217080
24017620
24017820
24037090
24037390
24037590
24057050
24057070
24067010
25017030
25027070
25027080
25027110
25027120
25027140
25027160
25027180
25027220
25027240
25027290
25027380
25027450
25027500
25027510
25027520
25027550
25027580
25027690
25027700
25027710
25027720
25027760
25027850
25027860
25027940
25028340
25028450
26017020
26017030
26017080
26027320
26047070
26077060
26087050
26117200
26127030
26127140
26137240
26157020
26157080
26157100
26167090
26177010
26197010
26197030
27027090
28017140
28027160
28037020
28047030
28047040
29017010
29037100
29037190
29037360
29037390
29037460
29037610
29037750
29037760
29037770
29037800
29037820
29047070
29047080
29067060
32040020
32047020
32047030
32067030
32107030
32157050
34037700
35010230
35017020
35017070
35027140
35027190
35027200
35027210
35037100
35047030
35057010
35067050
35067330
35097070
35097090
35107040
35137010
35177020
35187010
35217020
35217040
35237010
35257020
35257030
35267010
35267090
36037010
37017050
37057060
38017010
38017030
38017040
38027020
38027700
38037010
42057010
42057020
44127010
44137030
44137040
44137060
44137070
44157020
44167010
44187020
46077010
47017010
47017110
47017580
47030030
47047010
47047020
47047050
47057010
47067010
47077010
47087010
47107030
48017010
48017020
48017040
48017050
48017070
52017010
52017060
52047050
52047060
52057030
52057080
52057090
52067040
53107050
53119010
54077130
55017010
1506700108
1506700109
1506700110
1506700111
1506700136
1506700137
1506700138
1506700139
1506700140
1506700143
1506700144
2105700099
2614700191
2619700161
4403700097
4801700101
4801700102
5204700100
11010010
11020010
11020050
11025010
11030010
11030030
11030040
11035010
11035020
11040010
11045010
11050010
11050020
11050030
11050060
11060010
11070020
11070030
11075010
11075020
11080010
11090010
11100020
11110010
11110020
11110030
11110110
11115020
11115040
11120040
11130020
11135030
11150010
11150020
11150030
12010010
12010030
12010050
12010060
12010070
12010090
12010100
12010110
12010120
12010170
12015010
12015020
12015060
12015070
12020010
12025030
12025040
12030010
12030020
12040010
12040020
12045010
12045020
13015030
13015040
13030010
13035501
13040030
13050010
13050020
13050030
13055030
13060010
13060020
13060030
13065020
13070010
13070020
13070040
13070050
13070070
13070090
13070100
13070110
13070120
13070170
13070180
13070190
13070280
13070290
13070430
13070440
13070450
13075010
13075020
13075030
13075050
13080010
13085030
13085050
13090010
13090020
13090030
13090040
13090050
13090060
13090070
13090080
13090090
13090100
13090110
13090230
13095020
14010010
14010020
14010030
14010050
14010090
14010100
14015010
14015030
14015080
15010010
15010020
15010040
15010300
15010310
15010501
15015020
15015050
15015060
15015100
15015110
15030010
15035020
15045010
15050010
15060010
15060020
15060040
15060050
15060060
15060070
15060080
15060090
15060130
15060150
15060180
15060200
15060210
15060270
15065050
15065100
15065180
15065200
15065501
15070010
15070020
15070060
15070070
15070080
15070090
15070100
15070110
15070130
15070140
15070150
15070160
15070190
15070230
15070240
15075030
15075501
15080010
15080020
15080040
15080070
15080080
15080090
15085020
15085030
15085040
16010010
16010020
16010040
16010060
16010100
16010110
16010340
16015010
16015020
16015030
16015090
16015100
16015140
16020010
16020030
16020050
16020080
16020110
16020130
16020140
16020180
16020190
16020250
16020280
16020320
16020340
16020370
16025010
16025030
16025040
16030030
16030060
16030080
16030090
16030100
16030140
16030150
16035010
16035030
16040010
16040050
16045020
16050020
16050060
16050100
16050120
16050130
16050170
16050240
16050290
16055010
16055020
16055040
16055060
16055080
16055090
16055100
16060010
16070010
16070040
17010010
17010020
17015010
17015020
17020020
17020030
17020040
17025020
21010040
21010050
21010060
21010100
21010110
21010130
21010140
21010160
21010170
21010180
21010190
21010200
21010210
21010220
21010230
21010250
21015020
21015030
21020040
21020050
21025030
21030050
21030060
21030080
21030090
21030110
21035040
21040020
21040030
21040040
21040050
21040060
21045010
21050060
21050070
21050090
21050110
21050140
21050150
21050160
21050170
21050190
21050220
21050230
21050240
21050250
21050290
21050310
21050320
21055020
21055030
21060040
21060070
21060080
21060090
21060100
21060110
21065040
21080030
21080070
21080080
21080100
21080110
21080130
21085020
21085030
21085040
21090020
21090040
21090110
21095010
21100070
21100080
21100140
21105030
21105040
21105050
21105060
21110040
21110070
21110090
21110120
21110130
21110160
21110180
21110290
21110330
21110400
21110430
21110440
21110460
21115020
21115060
21115070
21115080
21115100
21115140
21115180
21120010
21120040
21120090
21120100
21120130
21125010
21125020
21130010
21130040
21130050
21130060
21130080
21130110
21130180
21135020
21135030
21135050
21140010
21140080
21140100
21140120
21140130
21145020
21145040
21145070
21145080
21150030
21160030
21160040
21160050
21160070
21160080
21160130
21160160
21160170
21160180
21160200
21165010
21165030
21170020
21170030
21170040
21180040
21180120
21180160
21180210
21185030
21185040
21185080
21185090
21190030
21190090
21190210
21190240
21190270
21190290
21190300
21190310
21190330
21190350
21190410
21190460
21190470
21195060
21195080
21195100
21195110
21195120
21195140
21195190
21200080
21200110
21200130
21200160
21200190
21200200
21200230
21200240
21200260
21200310
21200320
21200340
21200400
21200510
21200520
21200600
21200620
21200740
21200750
21200770
21200780
21200850
21200950
21201030
21201050
21201060
21201070
21201090
21201120
21201140
21201180
21201190
21201200
21201210
21201230
21201240
21201250
21201300
21201310
21201320
21201380
21201410
21201540
21201550
21201560
21201580
21201600
21201610
21201630
21201640
21201650
21201660
21201770
21201790
21201800
21201840
21201920
21201960
21201970
21201980
21202000
21202020
21202040
21202050
21202070
21202080
21202110
21202120
21202130
21202160
21202280
21205010
21205012
21205013
21205240
21205400
21205420
21205580
21205660
21205670
21205690
21205700
21205710
21205720
21205740
21205770
21205791
21205850
21205870
21205890
21205910
21205920
21205940
21205960
21205980
21205990
21206010
21206020
21206060
21206140
21206180
21206210
21206260
21206280
21206300
21206340
21206490
21206560
21206570
21206600
21206620
21206630
21206650
21206660
21206690
21206970
21206980
21208900
21210020
21210030
21210080
21210110
21210120
21210130
21210140
21210150
21210160
21210170
21210180
21210190
21210200
21210220
21210230
21210240
21210260
21215080
21215100
21215130
21215140
21220050
21230060
21230070
21230090
21230120
21235010
21235020
21240030
21240070
21240110
21245010
21245040
21245140
21250050
21250070
21250100
21250170
21250450
21250460
21250480
21250500
21255080
21255090
21255110
21255120
21255140
21255150
21255170
22010010
22010070
22015020
22020020
22020030
22020040
22020050
22020060
22020070
22045010
22045020
22050030
22050040
22050060
22050070
22050080
22050090
22050100
22055020
22060070
22060080
22060090
22060100
22060110
22065040
22070010
22070030
22075030
23010020
23010080
23020080
23020090
23020100
23025020
23025040
23035020
23040030
23040070
23050010
23050080
23050100
23050230
23050250
23055040
23055070
23060110
23060140
23060150
23060160
23060170
23060180
23060190
23060200
23060260
23060290
23060370
23065060
23065100
23065110
23065120
23065200
23065210
23070010
23070020
23080390
23080640
23080650
23080720
23080740
23080750
23080760
23080810
23080820
23080920
23080940
23085030
23085080
23085110
23085140
23085160
23085210
23085220
23085260
23085270
23090020
23090110
23095010
23100030
23100040
23100050
23100070
23105030
23110030
23110040
23110060
23115010
23120010
23120050
23120200
23120210
23120220
23120240
23120250
23125040
23125050
23125060
23125080
23125090
23125100
23125120
23125130
23125140
23125150
23125170
23130010
23140070
23145020
23155030
23155040
23160010
23175020
23180020
23180040
23180050
23180070
23180080
23180100
23180110
23180120
23185010
23190110
23190130
23190140
23190210
23190260
23190280
23190300
23190320
23190340
23190350
23190360
23190380
23190400
23190440
23190450
23190460
23190480
23190500
23190510
23190520
23190540
23190560
23190580
23190590
23190600
23190700
23190710
23190810
23190830
23195090
23195110
23195180
23195200
23195502
23200010
23200060
23205020
23205030
23205050
23210010
23210020
23210120
23210130
23210160
23215030
23215050
24010070
24010110
24010140
24010150
24010170
24010180
24010210
24010230
24010240
24010270
24010310
24010330
24010380
24010410
24010610
24010630
24010640
24010650
24010660
24010670
24010680
24010710
24010750
24010760
24010810
24010820
24010830
24010840
24010850
24010870
24011060
24011070
24011080
24011090
24011150
24015090
24015120
24015220
24015250
24015260
24015270
24015280
24015300
24015360
24015370
24015380
24020040
24020080
24020120
24020130
24020150
24020220
24020230
24025020
24025030
24025040
24025050
24030120
24030160
24030190
24030200
24030210
24030230
24030240
24030260
24030270
24030290
24030300
24030310
24030320
24030330
24030340
24030350
24030370
24030380
24030400
24030410
24030420
24030450
24030500
24030510
24030530
24030540
24030560
24030570
24030580
24030630
24030640
24030650
24030660
24030670
24030680
24030690
24030700
24030750
24030770
24030790
24030800
24030820
24030840
24030850
24030860
24030940
24030950
24035010
24035020
24035040
24035070
24035120
24035130
24035150
24035240
24035250
24035260
24035300
24035310
24035320
24035330
24035340
24035350
24035400
24035420
24035430
24037550
24040050
24040060
24050060
24050070
24050100
24050110
24055030
24055040
24060040
24060050
24060060
24060070
24060080
24065010
24065030
25010010
25010060
25010080
25010100
25010110
25015010
25020030
25020090
25020140
25020190
25020220
25020230
25020240
25020250
25020260
25020270
25020280
25020330
25020350
25020370
25020390
25020400
25020410
25020420
25020470
25020480
25020500
25020520
25020530
25020540
25020600
25020650
25020660
25020670
25020690
25020700
25020710
25020720
25020740
25020750
25020760
25020770
25020780
25020790
25020800
25020810
25020820
25020860
25020870
25020880
25020890
25020900
25020920
25020940
25020950
25020960
25020970
25020980
25020990
25021000
25021020
25021030
25021040
25021090
25021180
25021190
25021200
25021210
25021240
25021260
25021270
25021280
25021290
25021300
25021310
25021320
25021330
25021340
25021350
25021360
25021370
25021380
25021470
25021480
25021500
25021540
25021560
25021600
25021610
25021620
25021630
25021640
25021650
25021660
25025000
25025002
25025020
25025030
25025080
25025090
25025100
25025160
25025170
25025190
25025210
25025240
25025250
25025270
25025300
25025330
25025350
25025380
26010020
26010030
26020020
26020030
26020100
26020120
26020130
26020160
26020180
26020200
26020220
26020230
26020250
26020320
26020390
26020450
26020460
26020470
26025070
26025090
26025100
26025110
26030030
26030050
26030060
26030070
26030080
26030090
26030130
26030150
26035030
26040190
26040200
26040210
26040220
26040250
26040260
26040290
26040310
26040340
26045010
26050060
26050070
26050270
26050340
26055040
26055110
26055120
26060020
26060030
26060200
26065010
26065020
26070110
26070170
26070290
26070590
26070610
26070760
26075010
26075040
26075050
26075080
26075090
26075110
26080070
26080260
26080280
26080290
26080300
26080310
26085130
26085170
26090060
26090300
26090380
26090430
26090460
26090480
26090510
26090520
26090530
26090550
26090560
26090580
26090620
26090630
26090790
26090880
26095080
26095180
26095200
26095320
26100070
26100280
26100290
26100300
26100330
26100350
26100360
26100370
26100380
26100400
26100410
26100640
26100660
26100670
26100680
26100690
26100700
26100740
26100770
26100780
26100790
26100800
26100830
26105110
26105140
26105150
26105160
26105190
26105230
26107110
26110040
26110050
26110090
26110120
26110150
26110160
26110170
26110180
26110190
26110200
26110220
26110230
26110290
26110300
26110330
26110360
26110380
26110390
26110430
26110440
26110450
26115020
26115040
26115080
26115090
26120120
26120130
26120150
26120160
26120170
26120180
26120600
26125061
26125130
26130020
26130170
26130180
26130200
26130220
26130540
26130560
26130570
26135040
26135100
26135110
26135140
26135160
26135330
26140080
26140090
26140110
26140120
26140180
26145020
26145030
26150060
26150150
26150160
26155110
26155150
26155170
26160080
26160090
26160100
26160120
26160160
26170150
26170180
26170190
26170260
26170290
26175030
26175040
26180160
26180170
26180180
26180190
26180200
26180220
26180240
26180250
26180260
26185010
26185020
26185040
26190090
26190100
26195020
26195030
26200120
26200130
26200140
26200150
26205080
26210070
26210080
26210090
26210110
26210130
26210140
26215010
26220090
26220100
26220110
26225030
26225040
26225060
26230010
26230110
26230130
26230140
26230160
26230180
26230200
26230220
26230240
26235030
26240060
26240090
26240100
26240150
26240160
26240170
26245040
26250030
26250060
26250110
26255020
26255030
27010770
27010800
27010810
27010820
27010830
27010840
27010850
27010870
27010880
27010890
27010900
27010960
27011100
27011110
27011120
27011150
27011230
27011270
27015090
27015110
27015150
27015190
27015260
27015330
27020170
27020190
27020200
27020210
27020220
27020260
27025030
27030040
27030080
27030090
27030140
27030210
27035050
27040020
27040030
27040040
27045020
28010020
28010040
28010070
28010090
28010200
28010340
28010360
28010370
28015070
28020080
28020150
28020410
28020420
28020440
28020460
28020590
28020600
28025020
28025070
28025080
28025090
28025502
28030190
28030220
28035010
28035020
28035040
28040010
28040030
28040070
28040100
28040140
28040150
28040270
28040300
28040320
28040350
28040360
28040400
29010050
29010120
29010130
29015000
29015020
29015040
29020020
29030040
29030050
29030080
29030140
29030150
29030160
29030170
29030200
29030270
29030280
29030310
29030320
29030370
29030380
29030410
29030430
29030450
29030480
29030500
29030510
29030520
29030530
29030570
29030780
29035000
29035030
29035040
29035080
29035110
29035180
29035200
29040020
29040070
29040080
29040200
29040230
29040240
29040250
29040260
29040270
29040290
29040300
29040310
29040450
29045000
29045110
29045120
29045190
29050010
29050020
29060030
29060040
29060060
29060070
29060080
29060090
29060100
29060120
29060140
29060150
29060160
29060170
29060180
29060190
29060200
29060210
29060230
29060240
29060250
29060270
29060280
29060310
29060330
29060340
29060350
29060540
29060550
29060560
29065000
29065020
29065030
31015010
31090010
31095030
32010010
32020020
32030020
32035010
32035020
32060020
32060030
32060060
32060090
32060100
32065010
32070010
32070020
32070030
32070040
32070060
32070080
32070090
32070100
32070110
32070120
32075030
32075040
32075050
32075080
32080010
32105080
32120010
32150040
32155010
32190010
32200010
33035010
33050020
33055010
33060010
34015010
34035010
34035020
35010010
35010020
35010040
35010060
35010070
35010080
35010090
35010150
35015050
35020010
35020020
35020060
35020240
35020280
35020290
35020300
35020310
35020340
35020350
35020380
35020390
35020410
35020420
35025050
35025060
35025070
35025110
35030010
35030020
35030030
35030040
35030050
35030080
35030090
35030100
35030110
35030120
35030160
35030170
35030180
35030210
35030230
35030250
35030260
35030290
35030300
35030370
35030380
35035010
35035020
35035070
35040010
35045020
35050010
35050020
35055010
35060020
35060050
35060090
35060100
35060120
35060130
35060140
35060150
35060160
35060170
35060180
35060200
35060210
35060220
35060230
35060240
35060250
35060300
35060400
35065010
35070010
35070020
35070030
35070040
35070050
35070060
35070070
35070080
35070100
35070110
35070130
35070170
35070180
35070190
35070210
35070230
35070260
35070310
35070320
35070470
35070480
35070490
35070500
35070520
35070550
35075010
35075020
35075030
35075040
35080010
35080030
35080050
35080060
35080070
35080080
35080100
35080110
35085020
35085040
35085050
35090050
35090060
35090070
35090110
35095030
35095050
35095090
35095110
35100020
35105050
35120010
35125010
35130010
35160010
35180010
35180030
35180050
35190010
35190030
35190040
35190050
35190070
35195020
35195030
35195050
35195060
35210010
35210040
35210050
35210060
35215020
35220030
35220040
35225030
35230010
35230020
35230030
35230040
35235010
35235040
35235050
35250010
35250020
35250030
35250040
35260010
35260030
35260050
35260070
35260080
36010020
36010030
36015010
36020010
36020020
36020030
36025010
36030030
37010010
37010020
37010030
37010040
37010050
37010060
37010080
37015010
37015020
37020020
37020030
37020040
37035010
37045010
37050010
37050040
37050050
37055010
38015010
38015030
38030010
42040010
42050020
42060010
42070010
42070020
42070030
42075010
42080010
42080020
44010030
44010040
44010080
44010090
44010100
44010110
44010120
44010130
44010140
44010150
44015010
44015030
44015060
44015070
44030060
44030080
44035020
44035030
44040020
44045010
44045020
44045030
44050010
44055010
44100010
44115020
44135010
44140020
44150010
46015020
46015030
46035010
46035020
46040010
47010020
47010030
47010050
47010090
47010110
47010150
47010180
47010220
47010230
47015040
47015070
47015080
47015090
47015100
47020010
47020020
47030010
47030020
47035020
47040020
47040040
47040050
47045010
47060010
47075010
48015030
48015040
48015050
51020010
51020040
51020050
51025080
51025090
51030020
51035020
52010020
52010030
52010040
52010050
52010060
52010080
52010100
52010110
52010140
52010150
52010160
52010180
52010190
52015010
52015020
52015050
52020010
52020020
52020040
52020050
52020070
52020180
52020190
52025010
52025020
52025030
52025060
52025080
52025090
52030030
52030060
52030090
52035040
52040040
52040050
52040060
52040070
52040160
52045010
52045020
52045030
52045040
52045070
52045080
52045090
52050010
52050020
52050040
52050050
52050060
52050080
52050090
52050100
52050110
52050120
52050130
52050140
52050190
52055030
52055060
52055090
52055110
52055200
52055210
52055220
52055230
52060040
52060050
52065020
52070010
52070030
52080010
52090010
52090020
53010020
53020010
53020020
53040010
53045040
53050020
53060010
53060020
53070020
53070030
53070050
53070060
53070080
53070090
53080010
53080020
53090030
53090040
53100040
53100050
53110020
53110030
53110040
53110100
53110130
53115010
54010010
54010020
54015010
54020010
54020020
54020040
54020060
54020080
54020090
54025010
54025020
54030010
54030020
54030030
54030090
54030100
54030110
54030120
54030140
54030150
54030160
54070030
54075020
54075040
54085010
54090010
55010020
55015010
56010030
56010040
56010050
56015010
57025020
1506000111
2125500032
2401500040
2502500007
3502500006
3515000110
4403000112
21205880
21205970
21206030
21206790
23035030
28035070
