codigoEstacion	
	
11010010	
11010020	
11017010	
11017020	
11020010	
11020020	
11020050	
11020060	
11025010	
11025501	
11027010	
11027020	
11027030	
11027040	
11027050	
11027060	
11027070	
11030010	
11030030	
11030040	
11030050	
11030060	
11035010	
11035020	
11035030	
11037020	
11037030	
11040010	
11045010	
11045030	
11047010	
11047020	
11047030	
11047040	
11050010	
11050020	
11050030	
11050040	
11050060	
11057010	
11057020	
11060010	
11060020	
11060030	
11067010	
11070020	
11070030	
11070040	
11070050	
11070060	
11070070	
11070080	
11070090	
11070100	
11070110	
11070120	
11070130	
11070140	
11070150	
11070160	
11070170	
11070180	
11075010	
11075020	
11075030	
11075040	
11077010	
11077020	
11077030	
11077040	
11077050	
11077060	
11077070	
11077080	
11077090	
11077100	
11077110	
11077120	
11077130	
11077140	
11080010	
11085010	
11090010	
11100010	
11100020	
11100030	
11105010	
11105020	
11107010	
11110010	
11110020	
11110030	
11110040	
11110050	
11110060	
11110070	
11110080	
11110090	
11110100	
11110110	
11110120	
11110130	
11115020	
11115030	
11115040	
11115501	
11117010	
11117020	
11117030	
11117040	
11117050	
11117060	
11117070	
11117080	
11117090	
11120010	
11120040	
11125010	
11127010	
11130020	
11130030	
11135010	
11135020	
11135030	
11140010	
11141001	
11145010	
11147010	
11147020	
11147030	
11150010	
11150020	
11150030	
11150040	
11150050	
11155010	
11155020	
11155030	
11159010	
11175000	
12010010	
12010030	
12010040	
12010050	
12010060	
12010070	
12010080	
12010090	
12010100	
12010110	
12010120	
12010130	
12010140	
12010150	
12010160	
12010170	
12010180	
12010280	
12011001	
12011002	
12011003	
12011004	
12011005	
12015010	
12015020	
12015030	
12015040	
12015050	
12015060	
12015070	
12015080	
12015090	
12015100	
12015110	
12017010	
12017020	
12017030	
12017040	
12017050	
12017060	
12017070	
12017080	
12017100	
12020010	
12020020	
12020030	
12020040	
12020170	
12021001	
12021002	
12025010	
12025020	
12025030	
12025040	
12027010	
12027030	
12027040	
12027050	
12027060	
12030010	
12030020	
12037010	
12037020	
12037030	
12037050	
12040010	
12040020	
12045010	
12045020	
12047010	
12051001	
12065501	
12067001	
13010010	
13010020	
13010030	
13010040	
13015010	
13015020	
13015030	
13015040	
13017010	
13017020	
13017030	
13017040	
13017050	
13020020	
13020030	
13020040	
13025020	
13025030	
13027010	
13027020	
13027030	
13027040	
13030010	
13030020	
13035010	
13035020	
13035501	
13037010	
13037020	
13037030	
13037040	
13040010	
13040020	
13040030	
13045010	
13047010	
13047020	
13047030	
13047040	
13047050	
13050010	
13050020	
13050030	
13050040	
13055010	
13055020	
13055030	
13055040	
13057010	
13060010	
13060020	
13060030	
13065010	
13065020	
13067010	
13067020	
13067030	
13067040	
13067050	
13067060	
13067070	
13067080	
13070010	
13070020	
13070030	
13070040	
13070050	
13070070	
13070080	
13070090	
13070100	
13070110	
13070120	
13070130	
13070140	
13070150	
13070160	
13070170	
13070180	
13070190	
13070200	
13070210	
13070220	
13070230	
13070240	
13070250	
13070260	
13070270	
13070280	
13070290	
13070300	
13070310	
13070330	
13070340	
13070350	
13070360	
13070370	
13070380	
13070390	
13070400	
13070410	
13070420	
13070430	
13070440	
13070450	
13075010	
13075020	
13075030	
13075040	
13075050	
13075060	
13075070	
13077010	
13077020	
13077030	
13077040	
13077050	
13077060	
13077070	
13077080	
13077090	
13077100	
13077110	
13077120	
13077130	
13077140	
13077150	
13077160	
13077170	
13077180	
13077190	
13077210	
13077220	
13077240	
13077250	
13077260	
13077270	
13077280	
13077300	
13080010	
13080020	
13080030	
13080040	
13080050	
13080060	
13085010	
13085030	
13085050	
13087010	
13090010	
13090020	
13090030	
13090040	
13090050	
13090060	
13090070	
13090080	
13090090	
13090100	
13090110	
13090130	
13090140	
13090150	
13090160	
13090170	
13090180	
13090190	
13090200	
13090220	
13090230	
13095010	
13095020	
13095030	
13097010	
13097020	
13097030	
13097040	
13097050	
13097060	
13097070	
14010010	
14010020	
14010030	
14010040	
14010050	
14010060	
14010070	
14010080	
14010090	
14010100	
14015000	
14015010	
14015030	
14015040	
14015050	
14015060	
14015070	
14015080	
14017001	
14017701	
14017702	
14019010	
14019020	
14019030	
14019040	
15010010	
15010020	
15010030	
15010040	
15010050	
15010060	
15010070	
15010100	
15010130	
15010140	
15010150	
15010160	
15010170	
15010190	
15010200	
15010210	
15010220	
15010230	
15010240	
15010260	
15010270	
15010280	
15010290	
15010300	
15010310	
15010501	
15011001	
15011002	
15011003	
15011004	
15011005	
15011006	
15011007	
15015010	
15015020	
15015030	
15015050	
15015060	
15015070	
15015080	
15015090	
15015100	
15015110	
15015120	
15017010	
15017011	
15017020	
15017030	
15017040	
15017050	
15017060	
15017070	
15017080	
15020010	
15027010	
15030010	
15030020	
15030030	
15030040	
15030050	
15035010	
15035020	
15037010	
15037020	
15037030	
15040010	
15040020	
15040030	
15045010	
15047010	
15047020	
15050010	
15050020	
15055010	
15060010	
15060020	
15060030	
15060040	
15060050	
15060060	
15060070	
15060080	
15060090	
15060110	
15060120	
15060130	
15060140	
15060150	
15060160	
15060180	
15060190	
15060200	
15060210	
15060230	
15060250	
15060260	
15060270	
15060280	
15060290	
15061001	
15065020	
15065030	
15065040	
15065050	
15065060	
15065070	
15065080	
15065090	
15065100	
15065110	
15065120	
15065140	
15065150	
15065160	
15065170	
15065180	
15065190	
15065200	
15065501	
15067010	
15067020	
15067030	
15067040	
15067050	
15067060	
15067070	
15067080	
15067090	
15067100	
15067110	
15067130	
15067140	
15067150	
15067160	
15067170	
15067180	
15067190	
15067200	
15067210	
15067220	
15067270	
15067280	
15067290	
15070010	
15070020	
15070030	
15070040	
15070050	
15070060	
15070070	
15070080	
15070090	
15070100	
15070110	
15070120	
15070130	
15070140	
15070150	
15070160	
15070170	
15070190	
15070200	
15070230	
15070240	
15070250	
15070260	
15070270	
15071001	
15075010	
15075020	
15075030	
15075040	
15075050	
15075070	
15075080	
15075090	
15075100	
15075110	
15075120	
15075130	
15075140	
15075150	
15075501	
15077001	
15079010	
15080010	
15080020	
15080030	
15080040	
15080050	
15080070	
15080080	
15080090	
15080100	
15080140	
15080150	
15085010	
15085020	
15085030	
15085040	
15085050	
15087010	
15087020	
15087030	
15087040	
15087050	
15087060	
15087070	
15087080	
15087090	
16010010	
16010020	
16010030	
16010040	
16010050	
16010060	
16010070	
16010080	
16010090	
16010100	
16010110	
16010150	
16010170	
16010190	
16010200	
16010210	
16010220	
16010230	
16010240	
16010250	
16010260	
16010270	
16010280	
16010290	
16010300	
16010310	
16010320	
16010330	
16010340	
16015010	
16015020	
16015030	
16015040	
16015060	
16015070	
16015080	
16015090	
16015100	
16015110	
16015120	
16015130	
16015140	
16015501	
16015502	
16017010	
16017020	
16017030	
16017040	
16017050	
16017060	
16017070	
16017080	
16017090	
16017100	
16017110	
16017120	
16017130	
16017140	
16017150	
16017160	
16017170	
16017180	
16017190	
16017200	
16017210	
16017220	
16017230	
16017240	
16017250	
16017260	
16017270	
16020010	
16020020	
16020030	
16020040	
16020050	
16020060	
16020070	
16020080	
16020090	
16020110	
16020120	
16020130	
16020140	
16020150	
16020170	
16020180	
16020190	
16020200	
16020210	
16020230	
16020240	
16020250	
16020260	
16020270	
16020280	
16020290	
16020300	
16020310	
16020320	
16020340	
16020350	
16020360	
16020370	
16020390	
16020400	
16020410	
16020430	
16020450	
16020480	
16020500	
16020510	
16020520	
16025010	
16025020	
16025030	
16025040	
16025050	
16025060	
16025070	
16025080	
16025501	
16025502	
16025503	
16027010	
16027020	
16027030	
16027040	
16027050	
16027060	
16027070	
16027080	
16027090	
16027100	
16027110	
16027120	
16027130	
16027140	
16027150	
16027160	
16027170	
16027180	
16027190	
16027200	
16027210	
16027220	
16027230	
16027240	
16027250	
16027260	
16027280	
16027290	
16027300	
16027310	
16030030	
16030040	
16030050	
16030060	
16030070	
16030080	
16030090	
16030100	
16030110	
16030120	
16030130	
16030140	
16030150	
16035010	
16035020	
16035030	
16035040	
16035050	
16035501	
16037010	
16037020	
16037030	
16037040	
16037050	
16037060	
16040010	
16040020	
16040030	
16040040	
16040050	
16040110	
16045020	
16047010	
16047020	
16047030	
16047040	
16047050	
16047060	
16047070	
16047080	
16047090	
16047100	
16047110	
16047120	
16047130	
16047140	
16047150	
16047160	
16050010	
16050020	
16050030	
16050040	
16050050	
16050060	
16050070	
16050080	
16050090	
16050100	
16050120	
16050130	
16050140	
16050160	
16050170	
16050180	
16050190	
16050200	
16050210	
16050220	
16050230	
16050240	
16050250	
16050260	
16050270	
16050290	
16055010	
16055020	
16055030	
16055040	
16055050	
16055060	
16055070	
16055080	
16055090	
16055100	
16055110	
16055120	
16055501	
16057010	
16057020	
16057030	
16057040	
16057050	
16057060	
16057070	
16057080	
16057090	
16057100	
16057110	
16060010	
16067010	
16067020	
16070010	
16070020	
16070030	
16070040	
17010010	
17010020	
17015010	
17015020	
17017001	
17017010	
17017020	
17019010	
17020020	
17020030	
17020040	
17025020	
17027010	
17027020	
17027030	
17027040	
17035010	
17047010	
17047020	
17047030	
17047040	
17047050	
17047060	
17047070	
21010010	
21010020	
21010030	
21010040	
21010050	
21010060	
21010070	
21010080	
21010090	
21010100	
21010110	
21010120	
21010130	
21010140	
21010160	
21010170	
21010180	
21010190	
21010200	
21010210	
21010220	
21010230	
21010240	
21010250	
21010280	
21015010	
21015020	
21015030	
21015040	
21015050	
21015060	
21015070	
21015501	
21015502	
21017010	
21017020	
21017030	
21017040	
21017050	
21017060	
21017070	
21017080	
21020010	
21020020	
21020030	
21020040	
21020050	
21025010	
21025011	
21025020	
21025030	
21027010	
21030010	
21030020	
21030030	
21030040	
21030050	
21030060	
21030070	
21030080	
21030090	
21030100	
21030110	
21035010	
21035020	
21035030	
21035040	
21035501	
21037010	
21037020	
21037030	
21037080	
21040010	
21040020	
21040030	
21040040	
21040050	
21040060	
21040070	
21045010	
21045011	
21045012	
21045501	
21047010	
21047020	
21047030	
21047040	
21047050	
21050030	
21050060	
21050070	
21050080	
21050090	
21050100	
21050110	
21050120	
21050140	
21050150	
21050160	
21050170	
21050180	
21050190	
21050200	
21050210	
21050220	
21050230	
21050240	
21050250	
21050270	
21050290	
21050300	
21050310	
21050320	
21055010	
21055020	
21055030	
21055040	
21055050	
21055060	
21055070	
21055501	
21055502	
21057010	
21057020	
21057030	
21057040	
21057050	
21057060	
21057070	
21057080	
21057090	
21057100	
21057110	
21057120	
21057130	
21057140	
21060010	
21060020	
21060030	
21060040	
21060050	
21060060	
21060070	
21060080	
21060090	
21060100	
21060110	
21060130	
21060140	
21060150	
21065010	
21065012	
21065015	
21065020	
21065030	
21065040	
21065501	
21077010	
21077020	
21077030	
21077050	
21080010	
21080020	
21080030	
21080040	
21080050	
21080060	
21080070	
21080080	
21080090	
21080100	
21080110	
21080120	
21080130	
21080140	
21085010	
21085020	
21085030	
21085040	
21085501	
21087010	
21087020	
21087030	
21087040	
21087050	
21087060	
21087070	
21087080	
21087090	
21087100	
21087110	
21090020	
21090030	
21090040	
21090050	
21090090	
21090100	
21090110	
21090120	
21090130	
21090140	
21090150	
21095010	
21095020	
21097010	
21097020	
21097030	
21097040	
21097050	
21097060	
21097070	
21097080	
21097090	
21097100	
21097110	
21097120	
21100010	
21100020	
21100030	
21100040	
21100050	
21100060	
21100070	
21100080	
21100090	
21100110	
21100120	
21100130	
21100140	
21100150	
21105010	
21105020	
21105030	
21105040	
21105050	
21105060	
21105501	
21107010	
21107020	
21107030	
21107040	
21110010	
21110020	
21110030	
21110040	
21110050	
21110060	
21110070	
21110080	
21110090	
21110100	
21110110	
21110120	
21110130	
21110140	
21110160	
21110180	
21110210	
21110230	
21110290	
21110310	
21110320	
21110330	
21110340	
21110350	
21110380	
21110390	
21110400	
21110410	
21110420	
21110430	
21110440	
21110460	
21115010	
21115020	
21115040	
21115050	
21115060	
21115070	
21115080	
21115090	
21115100	
21115110	
21115120	
21115130	
21115140	
21115150	
21115170	
21115180	
21115501	
21117010	
21117020	
21117030	
21117040	
21117050	
21117060	
21117070	
21117080	
21117090	
21117100	
21117110	
21117120	
21117130	
21117140	
21117150	
21117160	
21117170	
21120010	
21120020	
21120040	
21120070	
21120090	
21120100	
21120130	
21125010	
21125020	
21125040	
21127010	
21127020	
21127030	
21127040	
21127050	
21130010	
21130020	
21130030	
21130040	
21130050	
21130060	
21130070	
21130080	
21130090	
21130110	
21130170	
21130180	
21135010	
21135020	
21135030	
21135040	
21135050	
21135060	
21137010	
21137020	
21137030	
21137040	
21137050	
21137070	
21137080	
21137090	
21140010	
21140020	
21140040	
21140060	
21140080	
21140100	
21140110	
21140120	
21140130	
21140140	
21140390	
21145010	
21145020	
21145030	
21145040	
21145050	
21145060	
21145070	
21145080	
21147010	
21147020	
21147030	
21147050	
21147060	
21147070	
21147080	
21147090	
21150010	
21150020	
21150030	
21155010	
21155020	
21155040	
21160010	
21160020	
21160030	
21160040	
21160050	
21160060	
21160070	
21160080	
21160090	
21160100	
21160110	
21160120	
21160130	
21160140	
21160150	
21160160	
21160170	
21160180	
21160190	
21160200	
21160210	
21160260	
21165010	
21165020	
21165030	
21165040	
21165501	
21165502	
21167010	
21167020	
21167030	
21167040	
21167050	
21167060	
21167070	
21167080	
21167090	
21167100	
21170010	
21170020	
21170030	
21170040	
21170050	
21175010	
21180010	
21180020	
21180030	
21180040	
21180050	
21180060	
21180070	
21180080	
21180090	
21180100	
21180110	
21180120	
21180130	
21180140	
21180160	
21180170	
21180180	
21180190	
21180210	
21180220	
21180230	
21180240	
21185010	
21185030	
21185040	
21185050	
21185060	
21185070	
21185080	
21185090	
21185501	
21187010	
21187020	
21187030	
21187040	
21187050	
21187060	
21190010	
21190020	
21190030	
21190040	
21190050	
21190060	
21190070	
21190080	
21190090	
21190100	
21190110	
21190120	
21190130	
21190140	
21190150	
21190160	
21190170	
21190180	
21190190	
21190210	
21190220	
21190230	
21190240	
21190250	
21190260	
21190270	
21190280	
21190290	
21190300	
21190310	
21190320	
21190330	
21190340	
21190350	
21190360	
21190380	
21190390	
21190400	
21190410	
21190420	
21190430	
21190440	
21190450	
21190460	
21190470	
21190480	
21190490	
21195010	
21195020	
21195030	
21195040	
21195050	
21195060	
21195080	
21195090	
21195100	
21195110	
21195120	
21195130	
21195140	
21195150	
21195160	
21195170	
21195180	
21195190	
21195501	
21195502	
21197010	
21197020	
21197030	
21197040	
21197050	
21197060	
21197070	
21197080	
21197090	
21197100	
21197110	
21197120	
21197130	
21197140	
21197150	
21197160	
21197170	
21197180	
21197190	
21197200	
21197210	
21197220	
21197230	
21197240	
21197250	
21197260	
21197270	
21197280	
21197290	
21197300	
21197310	
21197320	
21197330	
21197340	
21197350	
21197360	
21197370	
21197380	
21197390	
21197400	
21197410	
21197420	
21197430	
21197440	
21197450	
21197701	
21199710	
21200010	
21200020	
21200030	
21200040	
21200050	
21200060	
21200070	
21200080	
21200090	
21200100	
21200110	
21200120	
21200130	
21200140	
21200150	
21200160	
21200170	
21200180	
21200190	
21200200	
21200210	
21200220	
21200230	
21200240	
21200250	
21200260	
21200270	
21200280	
21200290	
21200300	
21200310	
21200320	
21200330	
21200340	
21200350	
21200360	
21200370	
21200380	
21200390	
21200400	
21200410	
21200420	
21200430	
21200440	
21200450	
21200460	
21200470	
21200480	
21200490	
21200500	
21200510	
21200520	
21200530	
21200540	
21200550	
21200560	
21200570	
21200580	
21200590	
21200600	
21200610	
21200620	
21200630	
21200640	
21200650	
21200660	
21200670	
21200680	
21200690	
21200700	
21200710	
21200720	
21200730	
21200740	
21200750	
21200760	
21200770	
21200780	
21200790	
21200800	
21200810	
21200820	
21200830	
21200840	
21200850	
21200860	
21200870	
21200880	
21200890	
21200900	
21200910	
21200920	
21200930	
21200940	
21200950	
21200960	
21200970	
21200980	
21200990	
21201000	
21201010	
21201020	
21201030	
21201040	
21201050	
21201060	
21201070	
21201080	
21201090	
21201110	
21201120	
21201130	
21201140	
21201150	
21201170	
21201180	
21201190	
21201200	
21201210	
21201230	
21201240	
21201250	
21201260	
21201270	
21201280	
21201290	
21201300	
21201310	
21201320	
21201330	
21201340	
21201350	
21201360	
21201370	
21201380	
21201390	
21201400	
21201410	
21201420	
21201430	
21201440	
21201450	
21201460	
21201470	
21201480	
21201490	
21201500	
21201510	
21201520	
21201530	
21201540	
21201550	
21201560	
21201570	
21201580	
21201590	
21201600	
21201610	
21201620	
21201630	
21201640	
21201650	
21201660	
21201670	
21201680	
21201690	
21201700	
21201710	
21201720	
21201730	
21201740	
21201750	
21201760	
21201770	
21201780	
21201790	
21201800	
21201810	
21201820	
21201830	
21201840	
21201850	
21201860	
21201870	
21201880	
21201890	
21201900	
21201910	
21201920	
21201930	
21201940	
21201950	
21201960	
21201970	
21201980	
21201990	
21202000	
21202010	
21202020	
21202030	
21202040	
21202050	
21202060	
21202070	
21202080	
21202090	
21202100	
21202110	
21202120	
21202130	
21202140	
21202150	
21202160	
21202170	
21202180	
21202190	
21202200	
21202210	
21202220	
21202230	
21202240	
21202250	
21202280	
21205010	
21205012	
21205013	
21205020	
21205030	
21205040	
21205050	
21205060	
21205070	
21205080	
21205090	
21205100	
21205110	
21205120	
21205130	
21205140	
21205150	
21205160	
21205170	
21205180	
21205190	
21205200	
21205210	
21205220	
21205230	
21205240	
21205250	
21205260	
21205270	
21205280	
21205290	
21205300	
21205310	
21205320	
21205330	
21205340	
21205350	
21205360	
21205370	
21205380	
21205390	
21205400	
21205410	
21205420	
21205430	
21205440	
21205450	
21205460	
21205470	
21205480	
21205490	
21205500	
21205501	
21205502	
21205503	
21205504	
21205505	
21205506	
21205507	
21205508	
21205509	
21205510	
21205511	
21205512	
21205513	
21205514	
21205515	
21205516	
21205517	
21205518	
21205519	
21205520	
21205521	
21205522	
21205523	
21205524	
21205525	
21205526	
21205527	
21205528	
21205529	
21205530	
21205540	
21205550	
21205560	
21205570	
21205580	
21205590	
21205600	
21205610	
21205620	
21205630	
21205640	
21205650	
21205660	
21205670	
21205680	
21205690	
21205700	
21205710	
21205720	
21205730	
21205740	
21205750	
21205760	
21205770	
21205791	
21205800	
21205810	
21205820	
21205830	
21205840	
21205850	
21205860	
21205870	
21205880	
21205890	
21205900	
21205910	
21205920	
21205930	
21205940	
21205950	
21205960	
21205970	
21205980	
21205990	
21206000	
21206010	
21206020	
21206030	
21206040	
21206050	
21206060	
21206070	
21206080	
21206090	
21206100	
21206110	
21206120	
21206130	
21206140	
21206150	
21206160	
21206170	
21206180	
21206190	
21206200	
21206210	
21206230	
21206240	
21206250	
21206260	
21206270	
21206280	
21206290	
21206300	
21206310	
21206320	
21206330	
21206340	
21206350	
21206360	
21206370	
21206380	
21206390	
21206400	
21206410	
21206420	
21206430	
21206440	
21206450	
21206460	
21206470	
21206480	
21206490	
21206500	
21206510	
21206520	
21206530	
21206540	
21206550	
21206560	
21206570	
21206580	
21206590	
21206600	
21206610	
21206620	
21206630	
21206640	
21206650	
21206660	
21206670	
21206680	
21206690	
21206700	
21206710	
21206720	
21206730	
21206740	
21206750	
21206760	
21206770	
21206780	
21206790	
21206800	
21206810	
21206820	
21206830	
21206840	
21206850	
21206860	
21206870	
21206880	
21206890	
21206900	
21206910	
21206920	
21206930	
21206940	
21206950	
21206960	
21206970	
21206980	
21206990	
21207000	
21207001	
21207002	
21207003	
21207004	
21207005	
21207006	
21207007	
21207008	
21207009	
21207010	
21207011	
21207020	
21207030	
21207040	
21207050	
21207060	
21207070	
21207080	
21207090	
21207100	
21207110	
21207120	
21207130	
21207140	
21207150	
21207160	
21207170	
21207180	
21207190	
21207200	
21207210	
21207220	
21207230	
21207240	
21207250	
21207260	
21207270	
21207280	
21207290	
21207300	
21207310	
21207320	
21207330	
21207340	
21207350	
21207360	
21207370	
21207380	
21207390	
21207400	
21207410	
21207420	
21207430	
21207440	
21207450	
21207460	
21207470	
21207480	
21207490	
21207500	
21207510	
21207520	
21207530	
21207540	
21207550	
21207560	
21207570	
21207580	
21207590	
21207600	
21207610	
21207620	
21207630	
21207640	
21207650	
21207660	
21207670	
21207680	
21207690	
21207700	
21207701	
21207702	
21207703	
21207704	
21207705	
21207706	
21207707	
21207708	
21207709	
21207710	
21207711	
21207712	
21207713	
21207714	
21207715	
21207716	
21207720	
21207730	
21207740	
21207750	
21207760	
21207770	
21207780	
21207790	
21207800	
21207810	
21207820	
21207830	
21207840	
21207850	
21207860	
21207870	
21207880	
21207890	
21207900	
21207910	
21207920	
21207930	
21207940	
21207950	
21207960	
21207970	
21207980	
21207990	
21208000	
21208010	
21208020	
21208030	
21208040	
21208050	
21208060	
21208070	
21208080	
21208090	
21208100	
21208110	
21208120	
21208130	
21208140	
21208150	
21208160	
21208170	
21208180	
21208190	
21208200	
21208210	
21208220	
21208230	
21208240	
21208260	
21208270	
21208280	
21208290	
21208300	
21208310	
21208320	
21208330	
21208340	
21208350	
21208360	
21208370	
21208380	
21208390	
21208400	
21208410	
21208420	
21208430	
21208440	
21208450	
21208460	
21208470	
21208480	
21208490	
21208500	
21208510	
21208520	
21208530	
21208540	
21208550	
21208560	
21208570	
21208580	
21208590	
21208600	
21208610	
21208620	
21208630	
21208640	
21208650	
21208660	
21208680	
21208690	
21208700	
21208710	
21208720	
21208730	
21208740	
21208750	
21208760	
21208770	
21208780	
21208790	
21208800	
21208810	
21208820	
21208830	
21208840	
21208850	
21208860	
21208870	
21208880	
21208890	
21208900	
21208910	
21208920	
21208930	
21208940	
21208950	
21208960	
21208970	
21208980	
21208990	
21209000	
21209010	
21209020	
21209030	
21209040	
21209050	
21209060	
21209070	
21209080	
21209090	
21209100	
21209110	
21209120	
21209130	
21209140	
21209150	
21209160	
21209170	
21209180	
21209190	
21209200	
21209210	
21209220	
21209230	
21209240	
21209250	
21209260	
21209270	
21209280	
21209290	
21209300	
21209310	
21209320	
21209330	
21209340	
21209350	
21209360	
21209370	
21209380	
21209390	
21209400	
21209410	
21209420	
21209430	
21209440	
21209450	
21209460	
21209470	
21209480	
21209490	
21209500	
21209510	
21209520	
21209530	
21209540	
21209550	
21209560	
21209570	
21209580	
21209590	
21209600	
21209610	
21209620	
21209630	
21209640	
21209650	
21209660	
21209670	
21209680	
21209690	
21209700	
21209710	
21209720	
21209730	
21209740	
21209750	
21209760	
21209770	
21209790	
21209800	
21209820	
21209830	
21209840	
21209850	
21209860	
21209880	
21209890	
21209900	
21209910	
21209920	
21209930	
21209940	
21210010	
21210020	
21210030	
21210040	
21210050	
21210060	
21210070	
21210080	
21210090	
21210100	
21210110	
21210120	
21210130	
21210140	
21210150	
21210160	
21210170	
21210180	
21210190	
21210200	
21210210	
21210220	
21210230	
21210240	
21210260	
21215010	
21215020	
21215030	
21215050	
21215060	
21215070	
21215080	
21215090	
21215100	
21215110	
21215120	
21215130	
21215140	
21215150	
21215160	
21215170	
21215180	
21215190	
21215501	
21217010	
21217020	
21217030	
21217040	
21217050	
21217060	
21217070	
21217080	
21217100	
21217110	
21217120	
21217130	
21217140	
21217150	
21217160	
21217170	
21217180	
21217190	
21217200	
21217210	
21217220	
21217230	
21217250	
21217260	
21217270	
21217280	
21217290	
21217300	
21220010	
21220020	
21220050	
21227010	
21230010	
21230020	
21230030	
21230040	
21230050	
21230060	
21230070	
21230080	
21230090	
21230100	
21230120	
21235010	
21235020	
21235030	
21237010	
21237020	
21237030	
21237040	
21237050	
21237060	
21240010	
21240020	
21240030	
21240040	
21240050	
21240060	
21240070	
21240080	
21240090	
21240100	
21240110	
21245010	
21245030	
21245040	
21245050	
21245060	
21245070	
21245080	
21245090	
21245100	
21245110	
21245120	
21245140	
21245150	
21247010	
21247020	
21247030	
21247040	
21247050	
21250010	
21250020	
21250030	
21250040	
21250050	
21250060	
21250070	
21250080	
21250090	
21250100	
21250120	
21250130	
21250140	
21250150	
21250160	
21250170	
21250180	
21250190	
21250200	
21250210	
21250220	
21250230	
21250240	
21250250	
21250260	
21250270	
21250280	
21250290	
21250300	
21250310	
21250320	
21250330	
21250340	
21250350	
21250360	
21250370	
21250380	
21250390	
21250400	
21250410	
21250420	
21250430	
21250440	
21250450	
21250460	
21250470	
21250480	
21250490	
21250500	
21250510	
21250520	
21250530	
21250540	
21250550	
21250560	
21250570	
21250580	
21250590	
21250600	
21250610	
21250620	
21250630	
21250640	
21255010	
21255020	
21255030	
21255040	
21255050	
21255060	
21255070	
21255080	
21255090	
21255100	
21255110	
21255120	
21255130	
21255140	
21255150	
21255160	
21255170	
21255501	
21257010	
21257020	
21257030	
21257040	
21257050	
21257060	
21257070	
21257080	
21257090	
21257100	
21257110	
21257120	
22010010	
22010020	
22010030	
22010040	
22010050	
22010060	
22010070	
22010090	
22015010	
22015020	
22017010	
22017020	
22017030	
22020010	
22020020	
22020030	
22020040	
22020050	
22020060	
22020070	
22020080	
22025010	
22025020	
22025040	
22025501	
22027010	
22027020	
22037010	
22040010	
22045010	
22045020	
22045030	
22045501	
22045502	
22047010	
22047020	
22050010	
22050020	
22050030	
22050040	
22050050	
22050060	
22050070	
22050080	
22050090	
22050100	
22050110	
22055010	
22055020	
22055030	
22055040	
22057010	
22057020	
22057030	
22057040	
22057050	
22057060	
22057070	
22057080	
22057090	
22057100	
22060010	
22060020	
22060030	
22060040	
22060050	
22060060	
22060070	
22060080	
22060090	
22060100	
22060110	
22060120	
22060130	
22065010	
22065040	
22065050	
22067010	
22067020	
22070010	
22070020	
22070030	
22070040	
22075010	
22075020	
22075030	
22075040	
22075050	
22077010	
22077020	
22077030	
22077040	
22077050	
22077060	
22077070	
22077080	
22085010	
23010010	
23010020	
23010030	
23010040	
23010050	
23010060	
23010070	
23010080	
23010090	
23010100	
23010110	
23010120	
23010130	
23010140	
23015010	
23015020	
23015040	
23015501	
23017010	
23017020	
23017030	
23017040	
23017050	
23017060	
23017070	
23017080	
23017090	
23020010	
23020020	
23020030	
23020040	
23020050	
23020060	
23020070	
23020080	
23020090	
23020100	
23020110	
23020130	
23020140	
23025010	
23025020	
23025030	
23025040	
23025501	
23025502	
23027010	
23027020	
23027030	
23027040	
23027050	
23027060	
23027070	
23030010	
23035010	
23035020	
23035030	
23037010	
23040010	
23040020	
23040030	
23040040	
23040050	
23040060	
23040070	
23040080	
23040090	
23040100	
23040110	
23045010	
23047010	
23050010	
23050020	
23050030	
23050040	
23050050	
23050060	
23050070	
23050080	
23050100	
23050110	
23050120	
23050130	
23050140	
23050150	
23050160	
23050170	
23050180	
23050190	
23050200	
23050210	
23050220	
23050230	
23050240	
23050250	
23050270	
23050280	
23050290	
23050300	
23050310	
23050320	
23050330	
23050340	
23050350	
23050360	
23050370	
23050380	
23050390	
23050400	
23050420	
23055010	
23055020	
23055030	
23055040	
23055050	
23055060	
23055070	
23055080	
23055090	
23055130	
23055501	
23055502	
23057010	
23057020	
23057030	
23057040	
23057050	
23057060	
23057070	
23057080	
23057090	
23057100	
23057110	
23057120	
23057130	
23057140	
23057150	
23057160	
23057170	
23057180	
23057190	
23057200	
23057701	
23060010	
23060020	
23060030	
23060040	
23060050	
23060060	
23060070	
23060080	
23060090	
23060100	
23060110	
23060120	
23060130	
23060140	
23060150	
23060160	
23060170	
23060180	
23060190	
23060200	
23060210	
23060220	
23060230	
23060240	
23060250	
23060260	
23060270	
23060280	
23060290	
23060300	
23060310	
23060320	
23060330	
23060340	
23060350	
23060360	
23060370	
23060390	
23063080	
23065010	
23065020	
23065030	
23065040	
23065050	
23065060	
23065070	
23065080	
23065090	
23065100	
23065110	
23065120	
23065130	
23065140	
23065150	
23065160	
23065170	
23065180	
23065190	
23065200	
23065210	
23065501	
23065502	
23065503	
23065504	
23065505	
23065506	
23065507	
23067010	
23067020	
23067030	
23067040	
23067050	
23067060	
23067070	
23067080	
23067090	
23067100	
23067110	
23067120	
23067130	
23067140	
23067150	
23067160	
23067170	
23067180	
23067190	
23067200	
23067210	
23067220	
23067230	
23067240	
23067250	
23067260	
23067701	
23067702	
23067703	
23067704	
23070010	
23070020	
23077020	
23077030	
23077050	
23080010	
23080020	
23080030	
23080040	
23080050	
23080060	
23080070	
23080080	
23080090	
23080100	
23080110	
23080120	
23080130	
23080140	
23080150	
23080160	
23080170	
23080180	
23080190	
23080210	
23080220	
23080230	
23080240	
23080250	
23080260	
23080270	
23080280	
23080290	
23080300	
23080310	
23080320	
23080330	
23080340	
23080350	
23080360	
23080370	
23080380	
23080390	
23080400	
23080410	
23080420	
23080430	
23080440	
23080450	
23080460	
23080470	
23080480	
23080490	
23080500	
23080510	
23080520	
23080530	
23080540	
23080550	
23080560	
23080570	
23080580	
23080590	
23080600	
23080610	
23080620	
23080630	
23080640	
23080650	
23080660	
23080670	
23080680	
23080690	
23080700	
23080710	
23080720	
23080730	
23080740	
23080750	
23080760	
23080770	
23080780	
23080790	
23080800	
23080810	
23080820	
23080830	
23080840	
23080850	
23080860	
23080870	
23080880	
23080890	
23080900	
23080910	
23080920	
23080930	
23080940	
23080950	
23080960	
23080970	
23080980	
23080990	
23085010	
23085020	
23085030	
23085050	
23085060	
23085070	
23085080	
23085090	
23085100	
23085110	
23085120	
23085130	
23085140	
23085160	
23085170	
23085180	
23085190	
23085210	
23085220	
23085230	
23085240	
23085250	
23085260	
23085270	
23085501	
23087010	
23087020	
23087030	
23087040	
23087050	
23087060	
23087070	
23087080	
23087090	
23087100	
23087110	
23087120	
23087130	
23087140	
23087150	
23087160	
23087170	
23087180	
23087190	
23087200	
23087210	
23087220	
23087230	
23087240	
23087250	
23087260	
23087270	
23087280	
23087290	
23087300	
23087310	
23087320	
23087330	
23087340	
23087350	
23087360	
23087370	
23087380	
23087390	
23087400	
23087410	
23087420	
23087430	
23087440	
23087450	
23087460	
23087470	
23087480	
23087490	
23087500	
23087510	
23087520	
23087530	
23087540	
23087550	
23087560	
23087570	
23087580	
23087590	
23087600	
23087610	
23087620	
23087630	
23087640	
23087650	
23087660	
23087670	
23087680	
23087690	
23087700	
23087710	
23087720	
23087730	
23087740	
23087750	
23087760	
23087770	
23087780	
23087790	
23087800	
23087810	
23087820	
23087830	
23087840	
23087850	
23087860	
23087870	
23087880	
23087890	
23087900	
23087910	
23087920	
23087930	
23087940	
23087950	
23087960	
23087970	
23087980	
23087990	
23088000	
23088010	
23088020	
23088030	
23088040	
23088050	
23088060	
23088070	
23088080	
23088090	
23088100	
23088110	
23088120	
23088130	
23090010	
23090020	
23090030	
23090040	
23090050	
23090070	
23090080	
23090090	
23090100	
23090110	
23095010	
23097030	
23097040	
23097050	
23100010	
23100020	
23100030	
23100040	
23100050	
23100060	
23100070	
23100080	
23100090	
23100100	
23100110	
23105010	
23105020	
23105030	
23105040	
23105050	
23105060	
23105070	
23107010	
23107020	
23107030	
23107040	
23107050	
23107060	
23107070	
23110010	
23110020	
23110030	
23110040	
23110060	
23115010	
23115020	
23115030	
23117010	
23117020	
23117030	
23117040	
23117050	
23120010	
23120020	
23120040	
23120050	
23120070	
23120080	
23120090	
23120100	
23120110	
23120120	
23120130	
23120140	
23120150	
23120170	
23120180	
23120190	
23120200	
23120210	
23120220	
23120230	
23120240	
23120250	
23120260	
23120270	
23120280	
23125010	
23125020	
23125030	
23125040	
23125050	
23125060	
23125070	
23125080	
23125090	
23125100	
23125110	
23125120	
23125130	
23125140	
23125150	
23125160	
23125170	
23125501	
23127010	
23127020	
23127030	
23127040	
23127050	
23127060	
23127070	
23127080	
23127701	
23130010	
23130020	
23137020	
23140010	
23140030	
23140050	
23140060	
23140070	
23145020	
23145501	
23147010	
23147020	
23147030	
23147040	
23150010	
23150030	
23155030	
23155040	
23157010	
23157030	
23157040	
23157070	
23157080	
23160010	
23167010	
23170010	
23170020	
23170030	
23170050	
23170060	
23175010	
23175020	
23175030	
23177010	
23177020	
23177030	
23177040	
23177050	
23177060	
23180010	
23180020	
23180030	
23180040	
23180050	
23180060	
23180070	
23180080	
23180100	
23180110	
23180120	
23185010	
23185020	
23187010	
23187020	
23187030	
23187040	
23187050	
23187060	
23187070	
23187080	
23187090	
23187100	
23187110	
23187120	
23187140	
23187170	
23187180	
23187190	
23187200	
23187210	
23187220	
23187240	
23187250	
23187260	
23187270	
23187280	
23187290	
23187300	
23190010	
23190020	
23190030	
23190040	
23190050	
23190060	
23190070	
23190080	
23190090	
23190110	
23190120	
23190130	
23190140	
23190150	
23190160	
23190170	
23190180	
23190190	
23190200	
23190210	
23190220	
23190230	
23190240	
23190250	
23190260	
23190270	
23190280	
23190290	
23190300	
23190310	
23190320	
23190330	
23190340	
23190350	
23190360	
23190370	
23190380	
23190390	
23190400	
23190410	
23190420	
23190430	
23190440	
23190450	
23190460	
23190470	
23190480	
23190490	
23190500	
23190510	
23190520	
23190530	
23190540	
23190550	
23190560	
23190570	
23190580	
23190590	
23190600	
23190610	
23190620	
23190630	
23190640	
23190650	
23190660	
23190670	
23190680	
23190690	
23190700	
23190710	
23190720	
23190730	
23190740	
23190750	
23190760	
23190770	
23190780	
23190790	
23190800	
23190810	
23190820	
23190830	
23190840	
23190850	
23195010	
23195020	
23195030	
23195040	
23195050	
23195060	
23195070	
23195080	
23195090	
23195100	
23195110	
23195120	
23195140	
23195150	
23195160	
23195170	
23195180	
23195190	
23195200	
23195210	
23195220	
23195230	
23195240	
23195250	
23195501	
23195502	
23197010	
23197020	
23197030	
23197040	
23197050	
23197060	
23197070	
23197080	
23197090	
23197100	
23197110	
23197120	
23197130	
23197140	
23197150	
23197160	
23197170	
23197180	
23197190	
23197200	
23197210	
23197220	
23197230	
23197250	
23197260	
23197270	
23197280	
23197290	
23197300	
23197310	
23197320	
23197330	
23197350	
23197360	
23197370	
23197380	
23197390	
23197400	
23197410	
23197420	
23197430	
23197440	
23197450	
23197460	
23197470	
23197480	
23197490	
23197500	
23197510	
23197520	
23197530	
23197540	
23197550	
23197560	
23197570	
23197580	
23197590	
23197600	
23197610	
23197620	
23197630	
23197640	
23197650	
23197660	
23197670	
23197680	
23197690	
23197700	
23200010	
23200020	
23200060	
23200070	
23205010	
23205020	
23205030	
23205040	
23205050	
23207010	
23207020	
23207030	
23207040	
23207050	
23207060	
23207070	
23210010	
23210020	
23210030	
23210040	
23210050	
23210060	
23210080	
23210100	
23210120	
23210130	
23210150	
23210160	
23210180	
23215010	
23215020	
23215030	
23215040	
23215050	
23215060	
23217010	
23217020	
23217030	
23217040	
23217050	
23217060	
23217070	
23217080	
24010010	
24010020	
24010030	
24010040	
24010050	
24010060	
24010070	
24010080	
24010090	
24010100	
24010110	
24010120	
24010130	
24010140	
24010150	
24010160	
24010170	
24010180	
24010190	
24010210	
24010220	
24010230	
24010240	
24010250	
24010260	
24010270	
24010280	
24010290	
24010300	
24010310	
24010320	
24010330	
24010340	
24010350	
24010360	
24010370	
24010380	
24010390	
24010400	
24010410	
24010420	
24010430	
24010440	
24010450	
24010460	
24010470	
24010480	
24010490	
24010500	
24010510	
24010520	
24010530	
24010540	
24010550	
24010560	
24010570	
24010580	
24010590	
24010600	
24010610	
24010620	
24010630	
24010640	
24010650	
24010660	
24010670	
24010680	
24010690	
24010710	
24010720	
24010730	
24010740	
24010750	
24010760	
24010770	
24010780	
24010790	
24010800	
24010810	
24010820	
24010830	
24010840	
24010850	
24010860	
24010870	
24010880	
24010890	
24010900	
24010910	
24010920	
24010930	
24010940	
24010950	
24010960	
24010970	
24010980	
24010990	
24011000	
24011010	
24011020	
24011030	
24011040	
24011050	
24011060	
24011070	
24011080	
24011090	
24011100	
24011110	
24011120	
24011130	
24011140	
24011150	
24011160	
24015010	
24015020	
24015030	
24015040	
24015050	
24015060	
24015070	
24015080	
24015090	
24015100	
24015110	
24015120	
24015130	
24015140	
24015150	
24015160	
24015170	
24015180	
24015190	
24015200	
24015210	
24015220	
24015230	
24015240	
24015250	
24015260	
24015270	
24015280	
24015290	
24015300	
24015310	
24015320	
24015330	
24015340	
24015350	
24015360	
24015370	
24015380	
24015501	
24015502	
24015503	
24015504	
24015505	
24015506	
24015507	
24015508	
24015509	
24015510	
24015511	
24015512	
24015513	
24015514	
24015515	
24015516	
24015517	
24015518	
24015519	
24017010	
24017020	
24017030	
24017040	
24017050	
24017060	
24017070	
24017080	
24017090	
24017100	
24017110	
24017120	
24017130	
24017140	
24017150	
24017160	
24017170	
24017180	
24017190	
24017200	
24017210	
24017220	
24017230	
24017240	
24017250	
24017260	
24017270	
24017280	
24017290	
24017300	
24017310	
24017320	
24017330	
24017340	
24017350	
24017360	
24017370	
24017380	
24017390	
24017400	
24017410	
24017420	
24017430	
24017440	
24017450	
24017460	
24017470	
24017480	
24017490	
24017500	
24017510	
24017520	
24017530	
24017540	
24017550	
24017560	
24017570	
24017580	
24017590	
24017600	
24017610	
24017620	
24017630	
24017640	
24017650	
24017660	
24017670	
24017680	
24017690	
24017700	
24017701	
24017702	
24017703	
24017704	
24017705	
24017706	
24017707	
24017710	
24017720	
24017730	
24017740	
24017750	
24017760	
24017770	
24017780	
24017790	
24017800	
24017810	
24017820	
24017830	
24017840	
24017850	
24017860	
24017870	
24017880	
24017890	
24017900	
24017910	
24017920	
24017930	
24017940	
24017950	
24017960	
24017970	
24020010	
24020020	
24020030	
24020040	
24020050	
24020060	
24020070	
24020080	
24020090	
24020100	
24020110	
24020120	
24020130	
24020140	
24020150	
24020160	
24020170	
24020180	
24020190	
24020200	
24020210	
24020220	
24020230	
24020250	
24020260	
24020270	
24020280	
24025010	
24025020	
24025030	
24025040	
24025050	
24025060	
24025070	
24025080	
24025090	
24025501	
24025502	
24025503	
24025504	
24025505	
24025506	
24025507	
24027010	
24027020	
24027030	
24027040	
24027050	
24027060	
24027070	
24027080	
24027090	
24030010	
24030020	
24030030	
24030040	
24030050	
24030080	
24030100	
24030110	
24030120	
24030130	
24030150	
24030160	
24030170	
24030190	
24030200	
24030210	
24030220	
24030230	
24030240	
24030250	
24030260	
24030270	
24030280	
24030290	
24030300	
24030310	
24030320	
24030330	
24030340	
24030350	
24030360	
24030370	
24030380	
24030390	
24030400	
24030410	
24030420	
24030430	
24030440	
24030450	
24030460	
24030470	
24030480	
24030490	
24030500	
24030510	
24030530	
24030540	
24030550	
24030560	
24030570	
24030580	
24030590	
24030610	
24030630	
24030640	
24030650	
24030660	
24030670	
24030680	
24030690	
24030700	
24030710	
24030720	
24030730	
24030740	
24030750	
24030760	
24030770	
24030780	
24030790	
24030800	
24030820	
24030830	
24030840	
24030850	
24030860	
24030870	
24030880	
24030890	
24030900	
24030910	
24030920	
24030940	
24030950	
24030990	
24031010	
24031020	
24031030	
24031040	
24035010	
24035020	
24035030	
24035040	
24035050	
24035060	
24035070	
24035080	
24035090	
24035100	
24035110	
24035120	
24035130	
24035140	
24035150	
24035160	
24035180	
24035190	
24035200	
24035210	
24035220	
24035230	
24035240	
24035250	
24035260	
24035270	
24035280	
24035290	
24035300	
24035310	
24035320	
24035330	
24035340	
24035350	
24035360	
24035370	
24035380	
24035390	
24035400	
24035410	
24035420	
24035430	
24035440	
24035501	
24035502	
24035503	
24035504	
24035505	
24035506	
24035507	
24035508	
24035509	
24035510	
24037001	
24037010	
24037020	
24037030	
24037040	
24037050	
24037060	
24037070	
24037080	
24037090	
24037100	
24037110	
24037120	
24037130	
24037140	
24037150	
24037160	
24037170	
24037180	
24037190	
24037200	
24037210	
24037220	
24037230	
24037240	
24037250	
24037260	
24037270	
24037280	
24037290	
24037300	
24037310	
24037320	
24037330	
24037340	
24037350	
24037360	
24037370	
24037380	
24037390	
24037400	
24037410	
24037420	
24037430	
24037440	
24037450	
24037460	
24037470	
24037480	
24037490	
24037500	
24037510	
24037520	
24037530	
24037540	
24037550	
24037560	
24037570	
24037580	
24037590	
24037600	
24037620	
24037630	
24037701	
24037702	
24040010	
24040020	
24040030	
24040040	
24040050	
24040060	
24040070	
24047010	
24050010	
24050020	
24050030	
24050040	
24050050	
24050060	
24050070	
24050080	
24050090	
24050100	
24050110	
24050120	
24050130	
24050140	
24050150	
24050160	
24050170	
24055010	
24055020	
24055030	
24055040	
24055050	
24055060	
24055070	
24055080	
24055501	
24055502	
24055503	
24055504	
24057010	
24057020	
24057030	
24057050	
24057060	
24057070	
24057080	
24057090	
24057100	
24060010	
24060020	
24060030	
24060040	
24060050	
24060060	
24060070	
24060080	
24065010	
24065020	
24065030	
24067010	
24067020	
25010010	
25010020	
25010030	
25010040	
25010050	
25010060	
25010080	
25010090	
25010100	
25010110	
25015010	
25015020	
25017010	
25017020	
25017030	
25020010	
25020020	
25020030	
25020040	
25020050	
25020060	
25020070	
25020080	
25020090	
25020100	
25020110	
25020120	
25020130	
25020140	
25020160	
25020170	
25020190	
25020200	
25020220	
25020230	
25020240	
25020250	
25020260	
25020270	
25020280	
25020290	
25020300	
25020310	
25020330	
25020340	
25020350	
25020370	
25020380	
25020390	
25020400	
25020410	
25020420	
25020430	
25020440	
25020450	
25020460	
25020470	
25020480	
25020490	
25020500	
25020510	
25020520	
25020530	
25020540	
25020550	
25020560	
25020570	
25020580	
25020590	
25020600	
25020610	
25020630	
25020640	
25020650	
25020660	
25020670	
25020690	
25020700	
25020710	
25020720	
25020740	
25020750	
25020760	
25020770	
25020780	
25020790	
25020800	
25020810	
25020820	
25020850	
25020860	
25020870	
25020880	
25020890	
25020900	
25020920	
25020940	
25020950	
25020960	
25020970	
25020980	
25020990	
25021000	
25021020	
25021030	
25021040	
25021090	
25021110	
25021120	
25021180	
25021190	
25021200	
25021210	
25021240	
25021260	
25021270	
25021280	
25021290	
25021300	
25021310	
25021320	
25021330	
25021340	
25021350	
25021360	
25021370	
25021380	
25021390	
25021470	
25021480	
25021500	
25021530	
25021540	
25021550	
25021560	
25021570	
25021580	
25021590	
25021600	
25021610	
25021620	
25021630	
25021640	
25021650	
25021660	
25025000	
25025002	
25025010	
25025020	
25025030	
25025040	
25025050	
25025070	
25025080	
25025090	
25025100	
25025110	
25025130	
25025140	
25025160	
25025170	
25025190	
25025200	
25025210	
25025220	
25025230	
25025240	
25025250	
25025260	
25025270	
25025280	
25025290	
25025300	
25025330	
25025340	
25025350	
25025360	
25025380	
25027010	
25027020	
25027030	
25027050	
25027070	
25027080	
25027090	
25027100	
25027110	
25027120	
25027130	
25027140	
25027160	
25027170	
25027180	
25027190	
25027200	
25027210	
25027220	
25027230	
25027240	
25027250	
25027260	
25027270	
25027280	
25027290	
25027300	
25027310	
25027320	
25027330	
25027350	
25027360	
25027370	
25027380	
25027390	
25027400	
25027410	
25027420	
25027430	
25027440	
25027450	
25027460	
25027470	
25027480	
25027490	
25027500	
25027510	
25027520	
25027530	
25027540	
25027550	
25027560	
25027570	
25027580	
25027590	
25027600	
25027610	
25027620	
25027630	
25027640	
25027650	
25027660	
25027670	
25027680	
25027690	
25027700	
25027710	
25027720	
25027730	
25027740	
25027750	
25027760	
25027770	
25027840	
25027850	
25027860	
25027880	
25027890	
25027910	
25027920	
25027930	
25027940	
25027950	
25027980	
25027990	
25028000	
25028010	
25028020	
25028030	
25028040	
25028050	
25028060	
25028070	
25028080	
25028090	
25028100	
25028110	
25028130	
25028140	
25028150	
25028160	
25028170	
25028180	
25028200	
25028210	
25028220	
25028230	
25028240	
25028250	
25028280	
25028290	
25028300	
25028310	
25028320	
25028330	
25028340	
25028350	
25028370	
25028380	
25028390	
25028400	
25028410	
25028420	
25028430	
25028440	
25028450	
26010010	
26010020	
26010030	
26010040	
26010050	
26010060	
26010070	
26010080	
26010090	
26010110	
26015010	
26015020	
26015030	
26015040	
26015050	
26017010	
26017020	
26017030	
26017040	
26017050	
26017060	
26017070	
26017080	
26017100	
26017110	
26020010	
26020020	
26020030	
26020040	
26020050	
26020060	
26020070	
26020080	
26020090	
26020100	
26020110	
26020120	
26020130	
26020140	
26020150	
26020160	
26020170	
26020180	
26020190	
26020200	
26020210	
26020220	
26020230	
26020240	
26020250	
26020260	
26020270	
26020280	
26020290	
26020300	
26020310	
26020320	
26020330	
26020340	
26020350	
26020360	
26020380	
26020390	
26020410	
26020420	
26020430	
26020440	
26020450	
26020460	
26020470	
26025010	
26025020	
26025030	
26025040	
26025050	
26025060	
26025070	
26025080	
26025090	
26025100	
26025110	
26025120	
26025130	
26025140	
26025150	
26025160	
26027010	
26027020	
26027030	
26027040	
26027050	
26027060	
26027070	
26027080	
26027090	
26027100	
26027110	
26027120	
26027130	
26027140	
26027150	
26027160	
26027170	
26027180	
26027190	
26027200	
26027210	
26027220	
26027230	
26027240	
26027250	
26027260	
26027270	
26027280	
26027290	
26027300	
26027310	
26027320	
26027330	
26030010	
26030020	
26030030	
26030040	
26030050	
26030060	
26030070	
26030080	
26030090	
26030100	
26030120	
26030130	
26030140	
26030150	
26030160	
26035010	
26035020	
26035030	
26035040	
26035050	
26035060	
26035070	
26035080	
26035090	
26035100	
26035501	
26037010	
26037020	
26037030	
26037040	
26037050	
26037060	
26040010	
26040020	
26040030	
26040040	
26040050	
26040060	
26040070	
26040080	
26040090	
26040100	
26040110	
26040120	
26040130	
26040140	
26040150	
26040160	
26040170	
26040180	
26040190	
26040200	
26040210	
26040220	
26040230	
26040240	
26040250	
26040260	
26040270	
26040280	
26040290	
26040310	
26040320	
26040330	
26040340	
26040350	
26040360	
26045010	
26045020	
26045030	
26047010	
26047020	
26047040	
26047050	
26047060	
26047070	
26047080	
26047090	
26047100	
26047110	
26050010	
26050020	
26050030	
26050050	
26050060	
26050070	
26050080	
26050090	
26050100	
26050110	
26050120	
26050130	
26050140	
26050150	
26050160	
26050170	
26050180	
26050190	
26050200	
26050210	
26050220	
26050230	
26050240	
26050250	
26050260	
26050270	
26050280	
26050290	
26050300	
26050310	
26050320	
26050330	
26050340	
26055010	
26055020	
26055030	
26055040	
26055050	
26055060	
26055080	
26055090	
26055100	
26055110	
26055120	
26055130	
26055140	
26055501	
26057010	
26057020	
26057030	
26057040	
26057050	
26057060	
26057070	
26057080	
26057090	
26057100	
26057110	
26057120	
26057130	
26057140	
26057150	
26057160	
26057170	
26057180	
26060010	
26060020	
26060030	
26060040	
26060050	
26060060	
26060070	
26060080	
26060090	
26060100	
26060110	
26060120	
26060130	
26060140	
26060150	
26060160	
26060170	
26060180	
26060200	
26060210	
26060370	
26065010	
26065020	
26065030	
26065040	
26065050	
26065060	
26065501	
26065502	
26067010	
26067020	
26067030	
26067040	
26070010	
26070020	
26070030	
26070040	
26070050	
26070060	
26070070	
26070080	
26070090	
26070100	
26070110	
26070120	
26070130	
26070140	
26070150	
26070160	
26070170	
26070180	
26070190	
26070210	
26070220	
26070260	
26070270	
26070290	
26070300	
26070310	
26070320	
26070330	
26070340	
26070350	
26070360	
26070370	
26070380	
26070390	
26070400	
26070410	
26070420	
26070430	
26070440	
26070450	
26070470	
26070480	
26070490	
26070500	
26070510	
26070520	
26070530	
26070540	
26070550	
26070560	
26070570	
26070580	
26070590	
26070600	
26070610	
26070620	
26070630	
26070640	
26070650	
26070660	
26070670	
26070680	
26070690	
26070700	
26070710	
26070720	
26070730	
26070740	
26070750	
26070760	
26070770	
26070780	
26070790	
26070800	
26070840	
26070850	
26070860	
26070870	
26070920	
26075010	
26075020	
26075030	
26075040	
26075050	
26075060	
26075070	
26075080	
26075090	
26075100	
26075110	
26075120	
26075130	
26075140	
26075150	
26075501	
26077010	
26077020	
26077030	
26077040	
26077050	
26077060	
26077070	
26077080	
26077090	
26077100	
26077110	
26080010	
26080020	
26080030	
26080040	
26080050	
26080060	
26080070	
26080080	
26080090	
26080100	
26080110	
26080120	
26080130	
26080140	
26080150	
26080160	
26080170	
26080180	
26080190	
26080200	
26080210	
26080220	
26080230	
26080240	
26080250	
26080260	
26080270	
26080280	
26080290	
26080300	
26080310	
26080320	
26080330	
26080340	
26080350	
26080360	
26080370	
26080380	
26080390	
26080400	
26080410	
26080420	
26080430	
26085010	
26085020	
26085030	
26085040	
26085050	
26085060	
26085070	
26085080	
26085090	
26085100	
26085110	
26085130	
26085140	
26085150	
26085160	
26085170	
26085180	
26085190	
26085200	
26085210	
26085220	
26085501	
26087010	
26087020	
26087030	
26087040	
26087050	
26087060	
26087070	
26087090	
26087100	
26087110	
26087130	
26087140	
26087150	
26087160	
26087170	
26087180	
26087190	
26087200	
26090010	
26090020	
26090030	
26090040	
26090050	
26090060	
26090070	
26090080	
26090090	
26090100	
26090110	
26090120	
26090130	
26090140	
26090150	
26090160	
26090170	
26090180	
26090190	
26090200	
26090210	
26090220	
26090230	
26090240	
26090250	
26090260	
26090270	
26090280	
26090290	
26090300	
26090310	
26090320	
26090330	
26090340	
26090350	
26090360	
26090370	
26090380	
26090390	
26090400	
26090410	
26090420	
26090430	
26090440	
26090450	
26090460	
26090470	
26090480	
26090490	
26090500	
26090510	
26090520	
26090530	
26090540	
26090550	
26090560	
26090570	
26090580	
26090590	
26090600	
26090610	
26090620	
26090630	
26090640	
26090650	
26090660	
26090670	
26090680	
26090690	
26090700	
26090710	
26090720	
26090730	
26090740	
26090750	
26090760	
26090770	
26090780	
26090790	
26090800	
26090810	
26090820	
26090830	
26090840	
26090880	
26090890	
26090900	
26090910	
26090920	
26090930	
26095010	
26095020	
26095030	
26095040	
26095050	
26095060	
26095070	
26095080	
26095090	
26095100	
26095110	
26095120	
26095130	
26095140	
26095150	
26095160	
26095170	
26095180	
26095190	
26095200	
26095210	
26095220	
26095240	
26095250	
26095260	
26095270	
26095280	
26095290	
26095300	
26095310	
26095320	
26095330	
26095340	
26095350	
26095360	
26095370	
26095380	
26095390	
26097010	
26097020	
26097030	
26097040	
26097050	
26097060	
26097070	
26097080	
26097090	
26097100	
26097110	
26097120	
26097130	
26097140	
26097150	
26097160	
26100010	
26100020	
26100030	
26100040	
26100050	
26100060	
26100070	
26100080	
26100090	
26100100	
26100110	
26100120	
26100130	
26100140	
26100150	
26100170	
26100180	
26100190	
26100200	
26100210	
26100220	
26100230	
26100240	
26100250	
26100260	
26100270	
26100280	
26100290	
26100300	
26100320	
26100330	
26100340	
26100350	
26100360	
26100370	
26100380	
26100390	
26100400	
26100410	
26100420	
26100430	
26100460	
26100490	
26100510	
26100600	
26100620	
26100640	
26100650	
26100660	
26100670	
26100680	
26100690	
26100700	
26100710	
26100720	
26100740	
26100770	
26100780	
26100790	
26100800	
26100810	
26100820	
26100830	
26100840	
26100850	
26100860	
26100870	
26100880	
26100890	
26100900	
26100910	
26100920	
26100930	
26100940	
26100950	
26100960	
26100970	
26100980	
26101010	
26101020	
26101030	
26101040	
26101050	
26101060	
26101070	
26101080	
26101090	
26101100	
26101110	
26101120	
26101130	
26101140	
26101150	
26105010	
26105020	
26105030	
26105040	
26105050	
26105060	
26105070	
26105080	
26105090	
26105100	
26105110	
26105120	
26105130	
26105140	
26105150	
26105160	
26105170	
26105190	
26105200	
26105210	
26105220	
26105230	
26105240	
26105250	
26105260	
26105270	
26105280	
26105290	
26107010	
26107020	
26107030	
26107040	
26107050	
26107060	
26107070	
26107080	
26107090	
26107100	
26107110	
26107120	
26107130	
26107140	
26107150	
26107160	
26107180	
26107190	
26107200	
26107210	
26107220	
26110010	
26110020	
26110030	
26110040	
26110050	
26110060	
26110070	
26110080	
26110090	
26110120	
26110130	
26110140	
26110150	
26110160	
26110170	
26110180	
26110190	
26110200	
26110220	
26110230	
26110240	
26110260	
26110270	
26110280	
26110290	
26110300	
26110330	
26110350	
26110360	
26110370	
26110380	
26110390	
26110400	
26110410	
26110420	
26110430	
26110440	
26110450	
26110460	
26115010	
26115020	
26115030	
26115040	
26115050	
26115060	
26115070	
26115080	
26115090	
26115501	
26117010	
26117020	
26117030	
26117040	
26117050	
26117060	
26117070	
26117080	
26117090	
26117100	
26117110	
26117120	
26117130	
26117140	
26117150	
26117170	
26117180	
26117190	
26117200	
26117210	
26120010	
26120020	
26120030	
26120040	
26120050	
26120060	
26120070	
26120080	
26120090	
26120100	
26120110	
26120120	
26120130	
26120140	
26120150	
26120160	
26120170	
26120180	
26120190	
26120200	
26120210	
26120220	
26120230	
26120240	
26120250	
26120260	
26120270	
26120280	
26120290	
26120300	
26120310	
26120320	
26120330	
26120340	
26120350	
26120360	
26120370	
26120380	
26120390	
26120400	
26120410	
26120420	
26120430	
26120440	
26120450	
26120460	
26120470	
26120480	
26120490	
26120500	
26120510	
26120520	
26120530	
26120540	
26120550	
26120560	
26120570	
26120580	
26120590	
26120600	
26120610	
26120620	
26120630	
26120640	
26120650	
26120660	
26120670	
26120680	
26120690	
26120700	
26120710	
26120720	
26120730	
26120740	
26125010	
26125020	
26125030	
26125050	
26125061	
26125070	
26125080	
26125090	
26125100	
26125110	
26125130	
26125140	
26125150	
26125160	
26125170	
26125180	
26125190	
26125200	
26125210	
26125220	
26125230	
26125240	
26125250	
26125260	
26125270	
26125280	
26125290	
26125300	
26125310	
26125501	
26125502	
26125503	
26125504	
26125505	
26125506	
26125507	
26125508	
26125509	
26125510	
26125710	
26125720	
26125740	
26125750	
26125760	
26127010	
26127020	
26127030	
26127040	
26127050	
26127060	
26127070	
26127080	
26127090	
26127100	
26127110	
26127120	
26127130	
26127140	
26127150	
26127160	
26127170	
26127180	
26127190	
26127200	
26127210	
26127220	
26127230	
26127240	
26127250	
26130010	
26130020	
26130040	
26130050	
26130060	
26130070	
26130080	
26130090	
26130100	
26130110	
26130120	
26130130	
26130140	
26130150	
26130160	
26130170	
26130180	
26130190	
26130200	
26130210	
26130220	
26130230	
26130240	
26130250	
26130260	
26130270	
26130280	
26130290	
26130300	
26130310	
26130320	
26130330	
26130340	
26130350	
26130360	
26130370	
26130380	
26130390	
26130400	
26130410	
26130420	
26130430	
26130440	
26130450	
26130460	
26130470	
26130480	
26130490	
26130500	
26130510	
26130520	
26130530	
26130540	
26130550	
26130560	
26130570	
26130580	
26130590	
26130600	
26135010	
26135020	
26135030	
26135040	
26135050	
26135060	
26135070	
26135080	
26135090	
26135100	
26135110	
26135120	
26135130	
26135140	
26135150	
26135160	
26135170	
26135180	
26135190	
26135200	
26135210	
26135220	
26135230	
26135240	
26135250	
26135260	
26135270	
26135280	
26135290	
26135300	
26135310	
26135320	
26135330	
26135501	
26135502	
26135503	
26137010	
26137020	
26137030	
26137040	
26137050	
26137060	
26137070	
26137080	
26137090	
26137100	
26137110	
26137120	
26137130	
26137140	
26137150	
26137160	
26137170	
26137180	
26137190	
26137200	
26137210	
26137220	
26137230	
26137240	
26137250	
26140010	
26140020	
26140030	
26140040	
26140050	
26140060	
26140070	
26140080	
26140090	
26140100	
26140110	
26140120	
26140130	
26140140	
26140150	
26140160	
26140170	
26140180	
26140190	
26140200	
26140210	
26140220	
26140230	
26140240	
26140250	
26140260	
26140270	
26140280	
26140290	
26140300	
26140310	
26140320	
26140330	
26140340	
26140350	
26140360	
26140370	
26140380	
26140390	
26140400	
26140410	
26140420	
26140430	
26140440	
26140450	
26140460	
26140470	
26145010	
26145020	
26145030	
26145040	
26145050	
26145060	
26145070	
26145080	
26145090	
26145100	
26145501	
26145502	
26145503	
26145504	
26145505	
26145506	
26145507	
26145508	
26147010	
26147020	
26147030	
26147040	
26147050	
26147060	
26147070	
26147080	
26147090	
26147100	
26147110	
26147130	
26147140	
26150010	
26150020	
26150030	
26150040	
26150050	
26150060	
26150070	
26150080	
26150090	
26150100	
26150110	
26150120	
26150130	
26150140	
26150150	
26150160	
26150170	
26150180	
26150190	
26150200	
26150210	
26150220	
26150230	
26150240	
26150250	
26150260	
26150270	
26150280	
26150290	
26150300	
26150310	
26150320	
26150330	
26150340	
26150350	
26150360	
26150370	
26150380	
26150390	
26150400	
26150410	
26150420	
26150430	
26155010	
26155020	
26155030	
26155040	
26155050	
26155060	
26155070	
26155080	
26155090	
26155100	
26155110	
26155120	
26155130	
26155140	
26155150	
26155160	
26155170	
26155180	
26155190	
26155200	
26155210	
26155220	
26155230	
26155240	
26155250	
26155260	
26155270	
26155280	
26155501	
26155502	
26155503	
26155504	
26155505	
26157010	
26157020	
26157030	
26157050	
26157060	
26157070	
26157080	
26157090	
26157100	
26157110	
26157120	
26157130	
26157140	
26157150	
26157160	
26157170	
26157190	
26157200	
26157210	
26160010	
26160020	
26160030	
26160040	
26160050	
26160060	
26160070	
26160080	
26160090	
26160100	
26160110	
26160120	
26160130	
26160140	
26160150	
26160160	
26160170	
26160180	
26160190	
26160200	
26160210	
26160220	
26160230	
26160240	
26160250	
26160260	
26160270	
26160280	
26160290	
26160300	
26160310	
26165030	
26165501	
26165502	
26167010	
26167020	
26167030	
26167040	
26167050	
26167060	
26167070	
26167080	
26167090	
26167100	
26170010	
26170020	
26170030	
26170040	
26170050	
26170060	
26170070	
26170080	
26170090	
26170100	
26170110	
26170120	
26170130	
26170140	
26170150	
26170160	
26170170	
26170180	
26170190	
26170200	
26170210	
26170220	
26170230	
26170240	
26170250	
26170260	
26170270	
26170280	
26170290	
26170300	
26170310	
26170320	
26170330	
26170340	
26170350	
26170360	
26170370	
26170380	
26170390	
26175010	
26175020	
26175030	
26175040	
26175050	
26175060	
26175070	
26175080	
26175090	
26175100	
26175501	
26175502	
26177010	
26177030	
26177040	
26177060	
26177070	
26177080	
26177090	
26177100	
26180010	
26180020	
26180030	
26180040	
26180050	
26180060	
26180070	
26180080	
26180090	
26180100	
26180110	
26180120	
26180130	
26180140	
26180150	
26180160	
26180170	
26180180	
26180190	
26180200	
26180220	
26180240	
26180250	
26180260	
26185010	
26185020	
26185030	
26185040	
26185050	
26185501	
26187010	
26187020	
26187030	
26187040	
26187050	
26187060	
26187070	
26187080	
26187090	
26187100	
26187110	
26187120	
26187130	
26187140	
26187150	
26187160	
26187170	
26187180	
26187190	
26187200	
26187210	
26190010	
26190020	
26190030	
26190040	
26190050	
26190060	
26190070	
26190080	
26190090	
26190100	
26190110	
26190120	
26190130	
26190140	
26190150	
26190160	
26190170	
26190180	
26190190	
26190200	
26195010	
26195020	
26195030	
26195040	
26195501	
26195502	
26197010	
26197020	
26197030	
26197040	
26197050	
26197060	
26197070	
26200010	
26200020	
26200030	
26200040	
26200050	
26200060	
26200070	
26200080	
26200090	
26200100	
26200110	
26200120	
26200130	
26200140	
26200150	
26200160	
26200170	
26200180	
26200190	
26205010	
26205020	
26205030	
26205040	
26205050	
26205060	
26205070	
26205080	
26205090	
26205501	
26207010	
26207030	
26207040	
26207080	
26207090	
26210010	
26210020	
26210040	
26210070	
26210080	
26210090	
26210110	
26210130	
26210140	
26210150	
26215010	
26215020	
26215501	
26217010	
26217040	
26217050	
26217060	
26220010	
26220020	
26220030	
26220040	
26220050	
26220060	
26220070	
26220080	
26220090	
26220100	
26220110	
26225010	
26225030	
26225040	
26225050	
26225060	
26227010	
26230010	
26230030	
26230040	
26230050	
26230060	
26230070	
26230080	
26230090	
26230100	
26230110	
26230120	
26230130	
26230140	
26230160	
26230170	
26230180	
26230190	
26230200	
26230210	
26230220	
26230230	
26230240	
26230250	
26235010	
26235020	
26235030	
26237010	
26237020	
26237030	
26237040	
26237050	
26237060	
26237070	
26237080	
26237090	
26237100	
26237110	
26237120	
26237130	
26240010	
26240020	
26240050	
26240060	
26240070	
26240080	
26240090	
26240100	
26240120	
26240140	
26240150	
26240160	
26240170	
26245020	
26245030	
26245040	
26247010	
26247020	
26247030	
26247040	
26247050	
26250010	
26250020	
26250030	
26250040	
26250050	
26250060	
26250070	
26250090	
26250100	
26250110	
26255020	
26255030	
26255040	
26287010	
26295010	
26297010	
26297020	
26300010	
26305010	
26305501	
26307010	
26307020	
26310010	
26310020	
26310030	
26310040	
26315010	
26317010	
26317020	
26317030	
26327010	
26330010	
26330020	
26330030	
26330040	
26330050	
26340010	
26340020	
26345010	
26347010	
26347020	
26355010	
26357010	
26367020	
26377010	
27010010	
27010020	
27010030	
27010040	
27010050	
27010060	
27010070	
27010080	
27010090	
27010100	
27010110	
27010120	
27010130	
27010140	
27010150	
27010160	
27010170	
27010180	
27010190	
27010200	
27010210	
27010220	
27010230	
27010240	
27010250	
27010260	
27010270	
27010280	
27010290	
27010300	
27010310	
27010320	
27010330	
27010340	
27010350	
27010360	
27010370	
27010380	
27010390	
27010400	
27010410	
27010420	
27010430	
27010440	
27010450	
27010460	
27010470	
27010480	
27010490	
27010500	
27010510	
27010520	
27010530	
27010540	
27010550	
27010560	
27010570	
27010580	
27010590	
27010600	
27010610	
27010620	
27010630	
27010640	
27010650	
27010660	
27010670	
27010680	
27010690	
27010700	
27010710	
27010720	
27010730	
27010740	
27010750	
27010760	
27010770	
27010780	
27010790	
27010800	
27010810	
27010820	
27010830	
27010840	
27010850	
27010860	
27010870	
27010880	
27010890	
27010900	
27010910	
27010920	
27010930	
27010940	
27010950	
27010960	
27010970	
27010980	
27010990	
27011000	
27011010	
27011020	
27011030	
27011040	
27011050	
27011060	
27011070	
27011080	
27011090	
27011100	
27011110	
27011120	
27011130	
27011140	
27011150	
27011160	
27011170	
27011180	
27011190	
27011200	
27011210	
27011220	
27011230	
27011240	
27011250	
27011260	
27011270	
27015010	
27015020	
27015030	
27015040	
27015050	
27015060	
27015080	
27015090	
27015100	
27015110	
27015120	
27015130	
27015140	
27015150	
27015160	
27015170	
27015180	
27015190	
27015200	
27015210	
27015220	
27015230	
27015240	
27015250	
27015260	
27015270	
27015280	
27015290	
27015300	
27015310	
27015320	
27015330	
27015501	
27015502	
27017010	
27017020	
27017030	
27017040	
27017050	
27017060	
27017070	
27017080	
27017090	
27017100	
27017110	
27017120	
27017130	
27017140	
27017150	
27017160	
27017170	
27017180	
27017190	
27017200	
27017210	
27017220	
27017230	
27017240	
27017250	
27017260	
27017270	
27017280	
27017290	
27017300	
27017310	
27017320	
27017330	
27017340	
27017350	
27017360	
27017370	
27017380	
27017390	
27017400	
27017410	
27017420	
27017430	
27017440	
27017450	
27017460	
27017470	
27017480	
27017490	
27017500	
27017510	
27017520	
27017530	
27017540	
27017550	
27017560	
27017570	
27017580	
27017590	
27017600	
27017610	
27017620	
27017630	
27017640	
27017650	
27017660	
27017670	
27017680	
27017690	
27017700	
27017710	
27017720	
27017730	
27017740	
27017750	
27017760	
27017770	
27017780	
27017790	
27017800	
27017810	
27017820	
27017830	
27017840	
27017850	
27017860	
27017870	
27017880	
27017890	
27017900	
27017910	
27017920	
27017930	
27017940	
27017950	
27017980	
27017990	
27018000	
27018010	
27018020	
27018030	
27018040	
27018050	
27018060	
27018070	
27018080	
27018090	
27018100	
27018110	
27020010	
27020020	
27020030	
27020040	
27020050	
27020060	
27020070	
27020080	
27020090	
27020100	
27020110	
27020120	
27020130	
27020140	
27020150	
27020160	
27020170	
27020180	
27020190	
27020200	
27020210	
27020220	
27020230	
27020240	
27020250	
27020260	
27020270	
27020280	
27020290	
27020300	
27020310	
27020320	
27020330	
27020340	
27020350	
27020360	
27020370	
27020380	
27020390	
27020400	
27020410	
27020420	
27020430	
27025010	
27025020	
27025030	
27025040	
27025050	
27025060	
27027010	
27027020	
27027030	
27027040	
27027050	
27027060	
27027070	
27027080	
27027090	
27027100	
27027110	
27027120	
27027130	
27027140	
27027150	
27027160	
27027170	
27027180	
27027190	
27027200	
27027210	
27027220	
27027230	
27027240	
27027250	
27027260	
27027270	
27027280	
27027290	
27027300	
27027310	
27027320	
27027330	
27027340	
27027350	
27027360	
27027370	
27027380	
27027390	
27027400	
27030010	
27030020	
27030030	
27030040	
27030060	
27030080	
27030090	
27030130	
27030140	
27030150	
27030160	
27030190	
27030210	
27030220	
27030230	
27030240	
27035010	
27035020	
27035030	
27035040	
27035050	
27037010	
27037020	
27037030	
27040010	
27040020	
27040030	
27040040	
27045010	
27045020	
27047010	
28010010	
28010020	
28010030	
28010040	
28010050	
28010060	
28010070	
28010080	
28010090	
28010100	
28010110	
28010120	
28010130	
28010140	
28010160	
28010180	
28010190	
28010200	
28010210	
28010220	
28010230	
28010240	
28010250	
28010260	
28010270	
28010280	
28010300	
28010310	
28010320	
28010340	
28010350	
28010360	
28010370	
28010380	
28010390	
28010400	
28010410	
28015010	
28015020	
28015030	
28015040	
28015050	
28015070	
28015080	
28015090	
28015110	
28017010	
28017020	
28017030	
28017040	
28017050	
28017060	
28017070	
28017080	
28017090	
28017100	
28017110	
28017120	
28017130	
28017140	
28017150	
28020010	
28020020	
28020030	
28020050	
28020060	
28020070	
28020080	
28020090	
28020100	
28020110	
28020120	
28020130	
28020140	
28020150	
28020160	
28020170	
28020180	
28020190	
28020200	
28020210	
28020220	
28020230	
28020240	
28020260	
28020270	
28020280	
28020290	
28020300	
28020310	
28020320	
28020330	
28020340	
28020350	
28020360	
28020370	
28020380	
28020390	
28020410	
28020420	
28020430	
28020440	
28020450	
28020460	
28020470	
28020490	
28020500	
28020510	
28020520	
28020530	
28020550	
28020560	
28020570	
28020580	
28020590	
28020600	
28025010	
28025020	
28025030	
28025040	
28025060	
28025070	
28025080	
28025090	
28025100	
28025110	
28025120	
28025130	
28025501	
28025502	
28027010	
28027020	
28027030	
28027040	
28027050	
28027070	
28027090	
28027100	
28027110	
28027120	
28027130	
28027140	
28027150	
28027160	
28030010	
28030020	
28030030	
28030040	
28030050	
28030060	
28030070	
28030080	
28030090	
28030100	
28030110	
28030120	
28030160	
28030170	
28030180	
28030190	
28030200	
28030220	
28035010	
28035020	
28035040	
28035050	
28035060	
28035070	
28037010	
28037020	
28037030	
28037040	
28037050	
28037060	
28037090	
28037100	
28037110	
28037120	
28037130	
28040010	
28040030	
28040040	
28040050	
28040060	
28040070	
28040100	
28040110	
28040120	
28040130	
28040140	
28040150	
28040160	
28040170	
28040180	
28040190	
28040200	
28040210	
28040220	
28040230	
28040240	
28040250	
28040270	
28040280	
28040290	
28040300	
28040310	
28040320	
28040330	
28040350	
28040360	
28040370	
28040380	
28040390	
28040400	
28045010	
28045020	
28045030	
28045040	
28045050	
28045501	
28047010	
28047020	
28047030	
28047040	
28047050	
28047060	
28047070	
28047080	
29004520	
29010030	
29010050	
29010060	
29010070	
29010080	
29010090	
29010100	
29010110	
29010120	
29010130	
29010140	
29010150	
29010160	
29010170	
29010180	
29010190	
29010200	
29010210	
29015000	
29015020	
29015040	
29017010	
29020010	
29020020	
29027020	
29030020	
29030030	
29030040	
29030050	
29030060	
29030070	
29030080	
29030090	
29030100	
29030110	
29030120	
29030130	
29030140	
29030150	
29030160	
29030170	
29030180	
29030190	
29030200	
29030210	
29030220	
29030230	
29030240	
29030250	
29030260	
29030270	
29030280	
29030290	
29030300	
29030310	
29030320	
29030330	
29030340	
29030350	
29030360	
29030370	
29030380	
29030390	
29030400	
29030410	
29030420	
29030430	
29030440	
29030450	
29030460	
29030470	
29030480	
29030490	
29030500	
29030510	
29030520	
29030530	
29030550	
29030560	
29030570	
29030580	
29030610	
29030620	
29030640	
29030650	
29030670	
29030680	
29030690	
29030700	
29030710	
29030740	
29030760	
29030770	
29030780	
29035000	
29035020	
29035030	
29035040	
29035050	
29035060	
29035080	
29035090	
29035100	
29035110	
29035120	
29035130	
29035140	
29035150	
29035160	
29035180	
29035190	
29035200	
29035210	
29037001	
29037002	
29037003	
29037007	
29037010	
29037020	
29037030	
29037040	
29037050	
29037060	
29037070	
29037080	
29037090	
29037100	
29037110	
29037120	
29037130	
29037140	
29037150	
29037160	
29037170	
29037180	
29037190	
29037200	
29037210	
29037220	
29037230	
29037240	
29037250	
29037260	
29037270	
29037280	
29037290	
29037300	
29037310	
29037320	
29037330	
29037340	
29037350	
29037360	
29037370	
29037380	
29037390	
29037400	
29037410	
29037420	
29037440	
29037450	
29037460	
29037470	
29037480	
29037490	
29037500	
29037510	
29037610	
29037620	
29037630	
29037640	
29037660	
29037670	
29037680	
29037701	
29037702	
29037730	
29037740	
29037750	
29037760	
29037770	
29037780	
29037790	
29037800	
29037810	
29037820	
29037880	
29040010	
29040020	
29040040	
29040050	
29040060	
29040070	
29040080	
29040090	
29040100	
29040110	
29040130	
29040140	
29040150	
29040160	
29040170	
29040180	
29040200	
29040210	
29040230	
29040240	
29040250	
29040260	
29040270	
29040290	
29040300	
29040310	
29040320	
29040330	
29040340	
29040350	
29040360	
29040370	
29040390	
29040400	
29040410	
29040420	
29040430	
29040440	
29040450	
29041001	
29041002	
29045000	
29045010	
29045030	
29045040	
29045050	
29045060	
29045070	
29045080	
29045090	
29045100	
29045110	
29045120	
29045130	
29045140	
29045150	
29045160	
29045170	
29045180	
29045190	
29047000	
29047010	
29047020	
29047030	
29047040	
29047050	
29047060	
29047070	
29047080	
29050010	
29050020	
29057001	
29057002	
29057003	
29057004	
29057005	
29057006	
29060010	
29060020	
29060030	
29060040	
29060050	
29060060	
29060070	
29060080	
29060090	
29060100	
29060110	
29060120	
29060130	
29060140	
29060150	
29060160	
29060170	
29060180	
29060190	
29060200	
29060210	
29060220	
29060230	
29060240	
29060250	
29060270	
29060280	
29060290	
29060300	
29060310	
29060320	
29060330	
29060340	
29060350	
29060360	
29060370	
29060380	
29060390	
29060400	
29060410	
29060420	
29060430	
29060440	
29060450	
29060460	
29060470	
29060480	
29060490	
29060500	
29060510	
29060520	
29060530	
29060540	
29060550	
29060560	
29061001	
29061002	
29065000	
29065010	
29065020	
29065030	
29065040	
29065050	
29065060	
29065070	
29065090	
29065100	
29065110	
29065120	
29065130	
29065140	
29065501	
29067010	
29067020	
29067030	
29067040	
29067050	
29067060	
29067070	
29067110	
29067120	
29067130	
29067140	
29067150	
29067160	
31015010	
31090010	
31095020	
31095030	
31097010	
31097020	
32010010	
32020010	
32020020	
32030010	
32030020	
32035010	
32035020	
32037010	
32037030	
32040020	
32045010	
32047010	
32047020	
32047030	
32060010	
32060020	
32060030	
32060040	
32060050	
32060060	
32060070	
32060080	
32060090	
32060100	
32065010	
32067010	
32067020	
32067030	
32067040	
32070010	
32070020	
32070030	
32070040	
32070050	
32070060	
32070070	
32070080	
32070090	
32070100	
32070110	
32070120	
32075010	
32075020	
32075030	
32075040	
32075050	
32075060	
32075080	
32075501	
32077010	
32077020	
32077030	
32077040	
32077050	
32077060	
32077070	
32077080	
32077100	
32077110	
32080010	
32080020	
32080040	
32087030	
32087040	
32095010	
32097010	
32100010	
32105010	
32105050	
32105060	
32105080	
32107010	
32107020	
32107030	
32110010	
32117010	
32120010	
32147010	
32150010	
32150040	
32155010	
32157010	
32157020	
32157030	
32157040	
32157050	
32157060	
32190010	
32197010	
32200010	
32207010	
33035010	
33050020	
33055010	
33060010	
33065010	
33077010	
34015010	
34015020	
34035010	
34035020	
34037700	
35010010	
35010020	
35010030	
35010040	
35010050	
35010060	
35010070	
35010080	
35010090	
35010100	
35010110	
35010120	
35010130	
35010140	
35010150	
35010160	
35010170	
35010180	
35010190	
35010200	
35010210	
35010220	
35010230	
35015010	
35015020	
35015030	
35015040	
35015050	
35017020	
35017030	
35017040	
35017050	
35017070	
35017080	
35017090	
35020010	
35020020	
35020030	
35020040	
35020050	
35020060	
35020070	
35020080	
35020090	
35020100	
35020110	
35020120	
35020130	
35020140	
35020150	
35020160	
35020170	
35020180	
35020190	
35020200	
35020210	
35020220	
35020230	
35020240	
35020250	
35020260	
35020270	
35020280	
35020290	
35020300	
35020310	
35020320	
35020330	
35020340	
35020350	
35020360	
35020370	
35020380	
35020390	
35020400	
35020410	
35020420	
35020430	
35020440	
35020450	
35020460	
35020470	
35020480	
35020490	
35020500	
35025010	
35025030	
35025040	
35025050	
35025060	
35025070	
35025080	
35025090	
35025100	
35025110	
35025501	
35025502	
35027001	
35027002	
35027010	
35027020	
35027030	
35027040	
35027050	
35027060	
35027070	
35027080	
35027090	
35027100	
35027110	
35027120	
35027130	
35027140	
35027150	
35027160	
35027170	
35027180	
35027190	
35027200	
35027210	
35027220	
35027230	
35027240	
35027250	
35027260	
35027270	
35027280	
35027290	
35027300	
35027310	
35027320	
35027330	
35027340	
35027350	
35027360	
35027370	
35027380	
35027390	
35027400	
35027410	
35027420	
35027430	
35027440	
35027450	
35027460	
35027470	
35027480	
35027490	
35027500	
35027510	
35027520	
35030010	
35030020	
35030030	
35030040	
35030050	
35030060	
35030070	
35030080	
35030090	
35030100	
35030110	
35030120	
35030130	
35030140	
35030150	
35030160	
35030170	
35030180	
35030190	
35030200	
35030210	
35030220	
35030230	
35030240	
35030250	
35030260	
35030270	
35030280	
35030290	
35030300	
35030310	
35030320	
35030330	
35030340	
35030350	
35030370	
35030380	
35035010	
35035020	
35035030	
35035040	
35035050	
35035060	
35035070	
35035080	
35035090	
35035100	
35035110	
35035120	
35035130	
35037010	
35037020	
35037030	
35037040	
35037050	
35037060	
35037070	
35037080	
35037090	
35037100	
35037110	
35037120	
35037130	
35037140	
35037150	
35037160	
35037170	
35037180	
35037190	
35037200	
35037210	
35037220	
35037230	
35037240	
35040010	
35040020	
35040030	
35045020	
35047030	
35050010	
35050020	
35055010	
35057010	
35057020	
35057030	
35057040	
35060010	
35060020	
35060040	
35060050	
35060060	
35060090	
35060100	
35060120	
35060130	
35060140	
35060150	
35060160	
35060170	
35060180	
35060200	
35060210	
35060220	
35060230	
35060240	
35060250	
35060260	
35060270	
35060280	
35060290	
35060300	
35060310	
35060320	
35060330	
35060400	
35060410	
35060420	
35060430	
35060440	
35060450	
35061001	
35065010	
35065020	
35065030	
35067010	
35067020	
35067030	
35067040	
35067050	
35067060	
35067070	
35067080	
35067090	
35067100	
35067110	
35067120	
35067130	
35067140	
35067150	
35067160	
35067170	
35067180	
35067190	
35067200	
35067210	
35067220	
35067230	
35067240	
35067250	
35067260	
35067270	
35067280	
35067290	
35067300	
35067310	
35067320	
35067330	
35070010	
35070020	
35070030	
35070040	
35070050	
35070060	
35070070	
35070080	
35070090	
35070100	
35070110	
35070120	
35070130	
35070140	
35070150	
35070160	
35070170	
35070180	
35070190	
35070200	
35070210	
35070220	
35070230	
35070240	
35070250	
35070260	
35070270	
35070280	
35070290	
35070300	
35070310	
35070320	
35070360	
35070370	
35070380	
35070390	
35070400	
35070410	
35070420	
35070430	
35070440	
35070450	
35070460	
35070470	
35070480	
35070490	
35070500	
35070510	
35070520	
35070550	
35070580	
35070590	
35071001	
35071002	
35075010	
35075020	
35075030	
35075040	
35075050	
35075060	
35075070	
35075080	
35075090	
35075501	
35077010	
35077020	
35077030	
35077040	
35077050	
35077060	
35077070	
35077080	
35077090	
35077100	
35077120	
35077130	
35077140	
35077150	
35077160	
35077170	
35077180	
35077300	
35077310	
35077320	
35077701	
35077702	
35077703	
35080010	
35080020	
35080030	
35080040	
35080050	
35080060	
35080070	
35080080	
35080090	
35080100	
35080110	
35080120	
35080140	
35085010	
35085020	
35085030	
35085040	
35085050	
35085060	
35085070	
35085080	
35087010	
35087020	
35087030	
35087040	
35087050	
35087060	
35087070	
35087080	
35090020	
35090050	
35090060	
35090070	
35090080	
35090090	
35090100	
35090110	
35095010	
35095020	
35095030	
35095040	
35095050	
35095060	
35095070	
35095080	
35095090	
35095100	
35095110	
35095120	
35095130	
35097010	
35097020	
35097030	
35097040	
35097050	
35097060	
35097070	
35097080	
35097090	
35097100	
35097110	
35097120	
35097130	
35097140	
35097150	
35097160	
35097170	
35097180	
35097190	
35097200	
35097210	
35097220	
35097230	
35097240	
35097250	
35097260	
35097270	
35097280	
35097290	
35100020	
35105010	
35105020	
35105030	
35105040	
35105050	
35107010	
35107020	
35107030	
35107040	
35117010	
35117020	
35120010	
35125010	
35125020	
35127010	
35127020	
35127030	
35130010	
35135010	
35137010	
35160000	
35160010	
35160020	
35165000	
35167000	
35167010	
35167020	
35177010	
35177020	
35177030	
35180010	
35180030	
35180050	
35185010	
35187010	
35190010	
35190030	
35190040	
35190050	
35190060	
35190070	
35190080	
35190090	
35190100	
35190110	
35195010	
35195020	
35195030	
35195040	
35195050	
35195060	
35197010	
35197020	
35197030	
35197040	
35197050	
35197060	
35197070	
35197080	
35197090	
35197100	
35197110	
35197120	
35197130	
35197140	
35197150	
35197160	
35197170	
35197180	
35197190	
35197200	
35197210	
35207010	
35207020	
35210010	
35210020	
35210030	
35210040	
35210050	
35210060	
35215020	
35215030	
35217010	
35217020	
35217030	
35217040	
35217050	
35217060	
35217090	
35220010	
35220020	
35220030	
35220040	
35225010	
35225030	
35227010	
35227050	
35227070	
35227090	
35230010	
35230020	
35230030	
35230040	
35235010	
35235040	
35235050	
35235501	
35237010	
35237020	
35237030	
35250010	
35250020	
35250030	
35250040	
35257020	
35257030	
35257040	
35260010	
35260030	
35260050	
35260060	
35260070	
35260080	
35267010	
35267030	
35267040	
35267060	
35267070	
35267080	
35267090	
35267100	
36010020	
36010030	
36015010	
36015020	
36015501	
36017010	
36017020	
36017030	
36020010	
36020020	
36020030	
36025010	
36025020	
36027010	
36027020	
36027030	
36027040	
36027050	
36027060	
36030010	
36030030	
36030040	
36037010	
36037020	
36037030	
37010010	
37010020	
37010030	
37010040	
37010050	
37010060	
37010070	
37010080	
37015010	
37015020	
37015030	
37015501	
37017010	
37017020	
37017040	
37017050	
37020010	
37020020	
37020030	
37020040	
37020050	
37020060	
37027010	
37027020	
37035010	
37037010	
37037020	
37037030	
37045010	
37047010	
37047020	
37047030	
37050010	
37050020	
37050030	
37050040	
37050050	
37055010	
37057020	
37057030	
37057040	
37057050	
37057060	
37057070	
37057080	
37057090	
37057100	
37057110	
37057120	
37057130	
37057140	
37057150	
37057160	
38010020	
38010040	
38010050	
38010060	
38015010	
38015020	
38015030	
38015040	
38017010	
38017020	
38017030	
38017040	
38017050	
38017060	
38017070	
38017080	
38020030	
38027010	
38027020	
38027700	
38030010	
38037010	
38037020	
38037030	
41077010	
42040010	
42050020	
42057010	
42057020	
42060010	
42065010	
42067010	
42070010	
42070020	
42070030	
42075010	
42077010	
42077020	
42077030	
42080010	
42080020	
42105010	
42107010	
43017010	
44010010	
44010030	
44010040	
44010050	
44010060	
44010070	
44010080	
44010090	
44010100	
44010110	
44010120	
44010130	
44010140	
44010150	
44015010	
44015020	
44015030	
44015050	
44015060	
44015070	
44015501	
44017010	
44017020	
44017030	
44017040	
44017050	
44017060	
44017070	
44017080	
44017090	
44017100	
44017110	
44017120	
44017130	
44017140	
44017150	
44030010	
44030020	
44030030	
44030040	
44030050	
44030060	
44030070	
44030080	
44035010	
44035020	
44035030	
44035040	
44035050	
44035501	
44037010	
44037030	
44037040	
44037050	
44037060	
44037070	
44037080	
44037090	
44037100	
44037110	
44037120	
44037130	
44040010	
44040020	
44045010	
44045020	
44045030	
44050010	
44055010	
44100010	
44115020	
44117010	
44127010	
44127020	
44135010	
44135020	
44135030	
44137020	
44137030	
44137040	
44137050	
44137060	
44137070	
44137080	
44140010	
44140020	
44147010	
44147020	
44150010	
44157010	
44157020	
44157030	
44157040	
44167010	
44167020	
44187010	
44187020	
44187030	
44197010	
44197020	
44197030	
46010010	
46015020	
46015030	
46017010	
46030010	
46035010	
46035020	
46037010	
46037020	
46037030	
46037040	
46037050	
46037060	
46040010	
46045010	
46077010	
47010020	
47010030	
47010040	
47010050	
47010060	
47010070	
47010080	
47010090	
47010100	
47010110	
47010120	
47010130	
47010140	
47010150	
47010160	
47010170	
47010180	
47010190	
47010200	
47010210	
47010220	
47010230	
47015010	
47015020	
47015030	
47015040	
47015050	
47015060	
47015070	
47015080	
47015090	
47015100	
47017010	
47017020	
47017030	
47017040	
47017050	
47017060	
47017070	
47017080	
47017100	
47017110	
47017130	
47017140	
47017150	
47017160	
47017170	
47017190	
47017200	
47017580	
47017701	
47020010	
47020020	
47020030	
47030010	
47030020	
47030030	
47035010	
47035020	
47035030	
47037030	
47040010	
47040020	
47040040	
47040050	
47045010	
47047010	
47047020	
47047040	
47047050	
47057010	
47060010	
47067010	
47067020	
47067030	
47075010	
47077010	
47087010	
47087020	
47087030	
47090010	
47097010	
47100010	
47100020	
47107010	
47107020	
47107030	
48010010	
48015020	
48015030	
48015040	
48015050	
48015060	
48017010	
48017020	
48017030	
48017040	
48017050	
48017060	
48017070	
51010010	
51020010	
51020011	
51020030	
51020040	
51020050	
51021001	
51021002	
51025020	
51025030	
51025040	
51025060	
51025070	
51025080	
51025090	
51027010	
51027020	
51027030	
51027040	
51027050	
51027060	
51030010	
51030020	
51035010	
51035020	
51039010	
51039020	
52010010	
52010020	
52010030	
52010040	
52010050	
52010060	
52010070	
52010080	
52010090	
52010100	
52010110	
52010120	
52010130	
52010140	
52010150	
52010160	
52010180	
52010190	
52015010	
52015020	
52015030	
52015040	
52015050	
52015501	
52017001	
52017010	
52017030	
52017040	
52017060	
52017070	
52017080	
52017100	
52017110	
52017120	
52017130	
52020010	
52020020	
52020040	
52020050	
52020060	
52020070	
52020080	
52020090	
52020100	
52020110	
52020120	
52020130	
52020140	
52020150	
52020160	
52020170	
52020180	
52020190	
52025010	
52025020	
52025030	
52025040	
52025060	
52025070	
52025080	
52025090	
52025501	
52027010	
52027020	
52027030	
52030010	
52030020	
52030030	
52030060	
52030070	
52030080	
52030090	
52030110	
52035010	
52035030	
52035040	
52035501	
52037010	
52040030	
52040040	
52040050	
52040060	
52040070	
52040090	
52040100	
52040110	
52040120	
52040130	
52040140	
52040150	
52040160	
52045010	
52045020	
52045030	
52045040	
52045050	
52045060	
52045070	
52045080	
52045090	
52045501	
52047010	
52047020	
52047030	
52047040	
52047050	
52047060	
52050010	
52050020	
52050030	
52050040	
52050050	
52050060	
52050070	
52050080	
52050090	
52050100	
52050110	
52050120	
52050130	
52050140	
52050150	
52050160	
52050170	
52050180	
52050190	
52055030	
52055040	
52055050	
52055060	
52055070	
52055080	
52055090	
52055100	
52055110	
52055120	
52055130	
52055140	
52055150	
52055160	
52055170	
52055180	
52055190	
52055200	
52055210	
52055220	
52055230	
52055501	
52055502	
52057010	
52057020	
52057030	
52057040	
52057050	
52057060	
52057070	
52057080	
52057090	
52057100	
52060020	
52060030	
52060040	
52060050	
52065020	
52067010	
52067030	
52067040	
52070010	
52070020	
52070030	
52070040	
52077010	
52077020	
52080010	
52080020	
52090010	
52090020	
53010010	
53010020	
53020010	
53020020	
53020030	
53027010	
53040010	
53040020	
53045010	
53045020	
53045040	
53047010	
53050010	
53050020	
53055010	
53055020	
53057010	
53060010	
53060020	
53070010	
53070020	
53070030	
53070040	
53070050	
53070060	
53070070	
53070080	
53070090	
53070110	
53070120	
53070130	
53070140	
53070150	
53070170	
53071001	
53075010	
53075020	
53077010	
53077020	
53077030	
53077040	
53077050	
53077060	
53080010	
53080020	
53080030	
53080040	
53080050	
53087010	
53087020	
53090030	
53090040	
53091001	
53100010	
53100020	
53100030	
53100040	
53100050	
53100060	
53100070	
53100080	
53100090	
53100110	
53100120	
53100130	
53100140	
53100150	
53105010	
53105020	
53107010	
53107020	
53107030	
53107040	
53107050	
53107060	
53107070	
53107080	
53107090	
53107100	
53107110	
53110010	
53110020	
53110030	
53110040	
53110050	
53110060	
53110070	
53110080	
53110090	
53110100	
53110110	
53110120	
53110130	
53110150	
53110160	
53111001	
53111002	
53115010	
53115020	
53115030	
53115040	
53115050	
53115060	
53115501	
53115502	
53117010	
53117020	
53117030	
53117040	
53117050	
53117060	
53117070	
53117080	
53119010	
54010010	
54010020	
54010030	
54010040	
54010050	
54010060	
54010070	
54010080	
54010090	
54010100	
54010110	
54015010	
54015020	
54017010	
54017030	
54017040	
54017050	
54017060	
54017070	
54017080	
54017090	
54017100	
54017110	
54020010	
54020020	
54020040	
54020050	
54020060	
54020070	
54020080	
54020090	
54025010	
54025020	
54025030	
54025040	
54027010	
54027020	
54027030	
54027040	
54027050	
54030010	
54030020	
54030030	
54030040	
54030050	
54030060	
54030070	
54030080	
54030090	
54030100	
54030110	
54030120	
54030130	
54030140	
54030150	
54030160	
54030170	
54030180	
54035010	
54035020	
54035030	
54035050	
54035501	
54037010	
54037020	
54037030	
54037040	
54037050	
54050010	
54050020	
54055010	
54057010	
54057020	
54067010	
54070010	
54070020	
54070030	
54070040	
54070050	
54070060	
54070070	
54070080	
54070090	
54070100	
54070110	
54070120	
54070130	
54070140	
54070160	
54070170	
54070180	
54070190	
54070200	
54075010	
54075020	
54075030	
54075040	
54075050	
54075060	
54075070	
54075080	
54075090	
54075110	
54075120	
54075130	
54077010	
54077020	
54077030	
54077040	
54077050	
54077060	
54077070	
54077080	
54077090	
54077100	
54077110	
54077120	
54077130	
54077140	
54077150	
54077160	
54077170	
54077180	
54077190	
54077200	
54077210	
54085010	
54087020	
54090010	
54097010	
55010020	
55015010	
55015020	
55017010	
56010010	
56010020	
56010030	
56010040	
56010050	
56015010	
56015020	
56015030	
56015040	
56019010	
56125730	
57015010	
57020010	
57020020	
57025020	
57027010	
57027020	
57037010	
57037020	
57037030	
57037040	
57037050	
1111500036	
1117500060	
1117500170	
1117500190	
1206500136	
1206500160	
1206500178	
1301700132	
1303500067	
1303500073	
1303500074	
1303500129	
1501500054	
1501700160	
1506000111	
1506000167	
1506000168	
1506700107	
1506700108	
1506700109	
1506700110	
1506700111	
1506700133	
1506700134	
1506700135	
1506700136	
1506700137	
1506700138	
1506700139	
1506700140	
1506700141	
1506700142	
1506700143	
1506700144	
1508500053	
1509500118	
1602500044	
1602500063	
1602500110	
1602500115	
1602500159	
1602500177	
1605700152	
1701500133	
1701500165	
1701500166	
1701500184	
1701500185	
2101700178	
2101700179	
2102700177	
2105700099	
2105700152	
2105700153	
2105700205	
2106700176	
2106700180	
2108700181	
2108700182	
2111500192	
2111500193	
2111500194	
2111700151	
2111700183	
2111700184	
2111700186	
2111700187	
2111700188	
2111700190	
2112700185	
2116500196	
2116700197	
2119500111	
2119700147	
2119700192	
2120000099	
2120000100	
2120000101	
2120000102	
2120000103	
2120000104	
2120000105	
2120000106	
2120000107	
2120000108	
2120000109	
2120000117	
2120000118	
2120000119	
2120000120	
2120000121	
2120000122	
2120000123	
2120000124	
2120000125	
2120000126	
2120000127	
2120000128	
2120000129	
2120000130	
2120000131	
2120000132	
2120000133	
2120000134	
2120000135	
2120000136	
2120000137	
2120000138	
2120000139	
2120000140	
2120000141	
2120000142	
2120000143	
2120000144	
2120000145	
2120000146	
2120000147	
2120000148	
2120000149	
2120000150	
2120000151	
2120000159	
2120500050	
2120500127	
2120500135	
2120500150	
2120500151	
2120500152	
2120500153	
2120500157	
2120500172	
2120500173	
2120700037	
2120700038	
2120700146	
2120700154	
2120700155	
2120700156	
2120700157	
2120700158	
2120700159	
2120700160	
2120700162	
2121000163	
2121500042	
2121500048	
2121500195	
2121500198	
2121500199	
2121700193	
2121700194	
2121700196	
2124000161	
2124500180	
2125500032	
2125500127	
2125500197	
2125700094	
2125700195	
2201500047	
2202500051	
2301700089	
2302500001	
2302500002	
2302500037	
2302500064	
2302700062	
2304700047	
2305500003	
2305500055	
2305500158	
2305500175	
2305700039	
2306500106	
2307000081	
2307000082	
2308000035	
2308000040	
2308000051	
2308000052	
2308500068	
2308500071	
2308700010	
2308700011	
2308700017	
2308700022	
2308700031	
2310000007	
2310000010	
2310000072	
2310000080	
2310700037	
2311700155	
2312700145	
2314500155	
2314700159	
2317000011	
2317000012	
2317000083	
2317500195	
2319000160	
2319000161	
2319000162	
2319000163	
2319000164	
2319000165	
2319000166	
2319500043	
2319500065	
2319500066	
2319500125	
2319500129	
2319500137	
2319500159	
2319500176	
2319500186	
2319500187	
2319500188	
2319500189	
2319500190	
2319500191	
2319500192	
2319500193	
2319500194	
2319500196	
2319500197	
2319500198	
2319700096	
2319700100	
2319700105	
2319700199	
2319700200	
2319700201	
2319700202	
2319700203	
2319700204	
2401500040	
2401500052	
2401500080	
2401500086	
2401700091	
2403000113	
2403000114	
2403000117	
2403000118	
2403500041	
2403500049	
2403500081	
2403500082	
2403500083	
2403500084	
2403500085	
2403500161	
2403500179	
2403700148	
2403700149	
2403700150	
2405700149	
2501500057	
2501500120	
2501700189	
2502000038	
2502000076	
2502000077	
2502500007	
2502700153	
2601000116	
2601000117	
2601700104	
2602700148	
2603500127	
2603700157	
2604500039	
2604500134	
2607500128	
2607500131	
2610500131	
2611700158	
2612500038	
2612500124	
2612500130	
2612500164	
2612500183	
2612700041	
2612700042	
2612700043	
2612700044	
2612700045	
2612700130	
2612700131	
2612700198	
2613500126	
2613700075	
2613700077	
2613700078	
2613700081	
2613700156	
2614500004	
2614500032	
2614500112	
2614500116	
2614700057	
2614700191	
2615500005	
2615500008	
2615500011	
2615500012	
2615500013	
2615500014	
2615500015	
2615500016	
2615500017	
2615500018	
2615500019	
2615500020	
2615500021	
2615500022	
2615500023	
2615500024	
2615500025	
2615500026	
2615500027	
2615500028	
2615500029	
2615500030	
2615500031	
2615500033	
2615500034	
2615500035	
2615500122	
2615500126	
2615700001	
2615700040	
2615700041	
2615700042	
2615700043	
2615700044	
2615700045	
2615700046	
2615700048	
2615700049	
2615700050	
2615700051	
2615700052	
2615700053	
2615700054	
2615700055	
2615700056	
2615700058	
2615700059	
2615700061	
2615700063	
2615700064	
2615700065	
2615700066	
2615700067	
2615700068	
2615700069	
2615700070	
2615700071	
2615700072	
2615700073	
2615700074	
2615700076	
2615700079	
2615700080	
2615700082	
2616700084	
2616700085	
2616700086	
2616700087	
2617000003	
2617000006	
2617000036	
2617000066	
2617000067	
2617000069	
2617000079	
2617000098	
2617700013	
2617700060	
2617700083	
2618000075	
2618500069	
2619000016	
2619000017	
2619000026	
2619000041	
2619000060	
2619000064	
2619000065	
2619000086	
2619700019	
2619700033	
2619700161	
2620000002	
2620000004	
2620000005	
2620000008	
2620000014	
2620000018	
2620000022	
2620000028	
2620000043	
2620000046	
2620000053	
2620000054	
2620000055	
2620000059	
2620000063	
2620000070	
2620000084	
2620000087	
2620000088	
2620000089	
2620000090	
2620000091	
2620000092	
2620000096	
2620000097	
2620700005	
2620700025	
2620700030	
2620700039	
2621000021	
2621000027	
2621000029	
2621000032	
2621000042	
2621000062	
2621000078	
2621000093	
2621500070	
2624000031	
2624000071	
2624700007	
2624700018	
2624700034	
2625000030	
2625500010	
2629500167	
2629500186	
2629700151	
2633500119	
2633700150	
2636700098	
2701000009	
2701000015	
2701000023	
2701000024	
2701000025	
2701000033	
2701000037	
2701000044	
2701000045	
2701000049	
2701000050	
2701000056	
2701000057	
2701000061	
2701000068	
2701000073	
2701000074	
2701000085	
2701000094	
2701500105	
2701700009	
2701700020	
2701700021	
2701700023	
2701700026	
2701700028	
2701700029	
2701700032	
2701700035	
2702000001	
2702000019	
2702000020	
2702000034	
2702000058	
2702500107	
2703000013	
2703000047	
2703000048	
2703000095	
2703700038	
2703700106	
2704000039	
2704700012	
2704700040	
2801500078	
2801700088	
2802500079	
2804500076	
2805500075	
2901500072	
2904000160	
2904500130	
2904500174	
2904700095	
2906500077	
3204500162	
3204500181	
3206500045	
3206500058	
3206500059	
3210500154	
3405500134	
3502500006	
3502500135	
3502700090	
3502700146	
3502700147	
3502700153	
3503500062	
3503500168	
3503500169	
3503500187	
3503500188	
3505500061	
3505500121	
3507500046	
3507500133	
3507500137	
3507500138	
3507500140	
3507500141	
3507500142	
3507500144	
3507500145	
3507500146	
3508500139	
3508500143	
3508700103	
3515000110	
3516500199	
3518500127	
3518700145	
3519700092	
3521500200	
3602500123	
3602500124	
3602500125	
3602700101	
3701500114	
3701500117	
3702500113	
3706500109	
4401000152	
4401000153	
4401000154	
4401000155	
4401000156	
4401000157	
4401000158	
4401700161	
4401700162	
4401700163	
4401700164	
4401700165	
4401700166	
4401700167	
4401700168	
4401700169	
4401700170	
4401700171	
4401700172	
4401700173	
4401700174	
4401700175	
4403000112	
4403700097	
4801500132	
4801700101	
4801700102	
5102500128	
5201500156	
5202500132	
5204500108	
5204500136	
5204500163	
5204500182	
5204700093	
5204700100	
5205500123	
5311000162	
5311500056	
5311500121	
5311500147	
5311500148	
5311500149	
5311500185	
5311500189	
5311700154	
5601500171	
5601500191	
